0 0 31 1 46 1 15 2 27
0 5 28 3 10 1 9
0 9 28 1 23 1 42
0 10 4 2 48
0 20 137 1 24 1 19 3 89 2 62 1 5
0 59 27 2 36 1 103
0 61 62 2 67 2 79 3 50
0 67 40 2 5
0 75 26 1 70
0 82 27 1 28 1 24
0 97 15 2 3 2 47 1 6 1 25 1 40
0 106 1 1 4
0 108 15 1 22
0 115 21 2 84 1 109
0 129 5
0 144 52 4 9 1 18 1 29
0 146 13 1 28
0 155 31 3 5 3 21
0 186 94 2 102 1 20 1 45 1 8 3 34 2 2
0 190 108 1 14 2 7
0 204 61 1 5
0 209 31 1 77
0 223 58 1 17 3 46 1 31 1 14 1 23 1 32 1 147
0 225 25 2 22
0 240 12 1 18 2 12 1 21
0 246 65 1 7 1 3 1 57
0 253 24 2 6
0 266 51 1 5 1 6
0 299 14 1 8 1 55 1 4 1 22
0 305 44 1 69 1 28
0 306 23 1 26 3 47
0 325 119 5 1 2 10 3 56
0 333 38 1 9 2 22
0 368 53 3 5 1 83 1 2 1 31
0 371 27
0 375 32 2 24 1 73 2 18
0 390 48 1 40 3 31
0 392 28
0 394 23
0 402 36 2 4
0 406 26
0 415 82
0 426 53 1 5 1 2 1 5 2 42
0 428 17
0 446 10 1 66 1 1 2 5
0 455 42 4 21
0 462 12 2 18
0 466 12
0 471 1 1 21 2 77 1 1
0 473 39 1 7 3 60 1 17
0 483 14 2 12 1 31 1 19
0 486 71 1 8 1 94 2 36
0 498 24 1 17 1 21
0 503 2
0 531 66 1 15 1 50 1 31 1 35 1 1 1 26 1 39 2 9 1 4 3 5 1 5 2 3 3 109 4 144
0 535 24
0 541 29 1 21 1 30 1 14
0 560 67
0 572 4 1 10 1 67
0 573 48 1 51
0 576 6 1 14 2 18
0 577 45 1 63
0 583 71 1 32 1 36
0 585 53 1 66 1 30
0 586 17 1 15
0 615 20 3 49
0 697 18
0 698 66 2 23 4 14 1 15 5 19
0 728 17
0 738 3 2 85
0 757 6
0 761 20
0 769 50 1 8 3 1 1 3 1 11
0 770 9 1 107 1 32 1 19 2 66 1 108 1 55 1 9 1 32 1 29 2 45 1 30 1 39 1 26 1 60
0 773 40 1 9
0 774 20 4 18 2 36
0 775 21 1 8 1 47 1 18 2 50 1 6
0 779 1 1 2 1 10 1 28
0 785 8 1 7 1 1 2 5
0 786 45 2 25
0 830 71
0 847 27 2 4 1 37 1 91 1 15
0 860 3 1 41 3 23
0 862 60 1 38
0 865 23 2 52 1 104 1 53 1 11 1 3 1 67 1 217 1 2 4 12 3 50 1 25 2 20
0 867 39 1 83 2 1 1 8 1 11
0 889 38
0 911 80
0 912 22 2 1 1 32 1 16
0 919 4 1 68
0 941 122 1 10
0 959 110 2 3
0 960 29
0 962 14
0 975 15 1 70
0 986 36 1 13
0 990 46 2 24
0 993 81 2 40 1 2
0 1017 127 3 2 2 7
0 1042 34 1 1
0 1046 2 1 12
0 1047 13 1 30 1 36 1 41 1 8 2 1
0 1065 57 1 4 1 69 1 28 2 9 1 20
0 1076 12 1 13
0 1081 2 2 7
0 1083 36 1 11 1 16
0 1090 4 1 67 1 1 1 2
0 1091 27
0 1098 68 1 28 2 15 1 106 1 13 1 17 2 13 1 20
0 1100 16 1 77
0 1118 14 1 86 3 7
0 1133 40
0 1137 130
0 1148 8 1 32
0 1149 14
0 1173 65
0 1174 6
0 1177 12
0 1195 34 1 12 1 16 3 27 1 3
0 1196 17
0 1198 14 2 37
0 1220 4 1 13 2 26
0 1241 11 2 42
0 1247 17 2 1 1 6 1 1 1 4
0 1252 1 1 3 1 129
0 1277 18
0 1284 67 2 2 1 4 2 13 1 16
0 1286 11 2 21
0 1290 106 1 16
0 1296 11 1 23 1 40
0 1310 18 3 23 3 33
0 1323 4
0 1371 2 1 33 1 13 1 12 1 24 3 23 1 12 4 16
0 1374 59 1 64 1 2
0 1375 93 1 4
0 1392 1 1 1 1 28 1 8 1 62
0 1396 27 1 3 3 46
0 1402 15 1 41
0 1405 6 1 22
0 1422 52
0 1438 78 2 18 1 29 4 51 3 52 2 14 3 28 1 11 1 4 2 199
0 1451 13 2 32 2 60 1 37 4 19 1 94
0 1455 23 1 3 1 12 1 122 1 5
0 1457 16 3 6 1 7 1 5 1 5 4 3 2 5
0 1475 44 1 13 2 13
0 1478 26
0 1499 23 1 11
0 1504 117
0 1513 8 1 61
0 1520 5 1 3
0 1529 48 1 50
0 1543 14 1 7 2 27 1 24 2 13 1 8
0 1549 23 1 22
0 1555 103 1 1 1 13 2 69 2 14 1 13 1 32 1 40
0 1576 66
0 1581 13
0 1589 38 1 26
0 1593 1
0 1602 15 1 17 1 42 1 28 2 19
0 1618 86 1 85
0 1637 13 1 7 1 35
0 1638 3 3 6
0 1645 41
0 1657 43 1 17
0 1667 33
0 1679 11 1 31
0 1715 1 1 17 1 11 1 13 4 4 1 1
0 1718 68 1 35
0 1743 63
0 1770 16 1 14 3 23
0 1775 21
0 1782 16 1 39
0 1795 1 2 25 1 11 1 25
0 1799 28 2 107 2 6 1 7 1 28 1 14 1 55
0 1815 7 1 71 1 6 1 3 1 1
0 1816 24 2 20 2 36
0 1825 14
0 1826 36 5 1
0 1835 73
0 1838 22 3 50
0 1841 118 1 106 4 27
0 1847 8
0 1858 36 1 15 1 75
0 1866 6 1 19 1 66 2 153 1 4
0 1879 7 1 3 3 5
0 1885 31 3 80 1 5 2 26
0 1892 62 1 1 2 16
0 1904 69 1 9 3 53 1 7
0 1907 37 1 44 4 25 2 28
0 1909 18 3 34 1 10 1 1 1 17 1 6
0 1911 14 1 4
0 1914 3 2 7 1 12 1 57 2 13
0 1916 29 3 23
0 1925 33 1 20
0 1927 17
0 1929 1 3 10
0 1932 22 1 70
0 1942 41 1 63 2 31
0 1963 17 2 83 1 45 1 11 1 6 2 15 2 12 2 20 1 33
0 1975 42 2 12 2 54 1 23
0 1987 38 1 10 2 4 2 79 2 13 2 26 2 13 1 25 1 13 2 57
0 1990 15 1 1 2 63
0 2011 51 2 4 1 34 1 26 1 23
0 2019 83 1 36 1 9
0 2037 5 2 3 1 88 1 42
0 2038 49 1 7
0 2042 44 1 45
0 2053 5
0 2077 35
0 2082 11 1 40 3 40 2 46
0 2100 19
0 2119 68 2 16 2 46 1 11 2 14 1 2 2 33
0 2125 30
0 2129 4 3 34 1 21 1 13 2 34
0 2146 1 2 12
0 2148 47 3 14
0 2158 7
0 2167 11
0 2171 3 2 51 2 33 1 103
0 2178 24 1 14
0 2180 62
0 2183 16
0 2195 5 1 27
0 2210 25 1 14 1 33 1 31
0 2216 3 1 25
0 2226 7
0 2227 50 1 69 2 19 1 20 2 16 1 60 1 16
0 2230 11
0 2249 2
0 2251 47 1 13
0 2270 61 1 1 1 122
0 2303 4 1 19 3 50 1 53 2 12
0 2315 2 1 41 2 19 1 35 2 19 1 23 1 4 1 2 1 47 1 60 1 29 1 27
0 2325 3 1 39 1 41 2 1 3 41 2 15 2 100
0 2330 2 1 6 1 9 1 3 1 18
0 2343 21
0 2349 1 1 14 1 34
0 2352 16 2 41 1 79
0 2370 60 1 17 1 41 1 7
0 2376 5 1 100 1 14
0 2384 6 1 42
0 2412 14 1 9 1 15
0 2416 57 1 8 1 31 3 8
0 2423 9
0 2433 5 2 46
0 2434 17 1 16 1 116
0 2447 6 1 20 1 28 1 2 1 62 3 43 2 77
0 2484 22 1 10
0 2488 13 1 4 1 39 1 2 1 2 3 7 1 15
0 2492 10 7 22 2 8 1 16 1 7 1 172 1 8 1 127 1 22 2 2
0 2493 34
0 2496 39 3 11 2 112 3 86 3 20 1 19 1 87
0 2513 12 1 45 5 19
0 2527 4 1 28 1 14
0 2531 16 2 19 1 15 2 7
0 2547 20 1 24 1 3 2 124
0 2557 39 1 62 1 4
0 2580 31 1 51
0 2583 7 4 42
0 2587 10 1 9 1 67
0 2626 11
0 2631 18 2 35
0 2635 42 1 28 5 14 1 125 3 33 3 23 1 5 1 98 1 64 1 7
0 2640 12 1 2
0 2663 41
0 2669 45
0 2670 49 2 181
0 2703 107 1 68 2 50 3 9 2 22
0 2705 39 1 1
0 2733 6 1 3 1 26
0 2767 10
0 2768 1
0 2773 78 2 12
0 2798 3 3 6 1 32 1 34 3 53 1 33
0 2800 16 1 19 3 103 1 2
0 2811 57 1 15
0 2815 1 1 66
0 2834 99 1 12 1 7 2 73 1 29 3 36 1 31
0 2843 24 2 4
0 2846 28 3 19 1 3 1 21 2 32 2 7
0 2852 6
0 2857 21
0 2876 75 1 2 1 17 4 46 1 40 3 8 1 21 1 28
0 2890 20 1 27 1 3
0 2893 71 1 31 2 13
0 2899 7 1 17 2 21 7 18 1 168 4 13 1 20
0 2904 82 1 18 1 81 1 18 1 2 1 56
0 2918 79 3 14 1 36
0 2920 84
0 2934 6 2 35
0 2936 24 2 2 1 19
0 2961 94 1 8
0 2963 3 2 5 3 1 1 72 1 1 1 18 3 31 1 16 2 16
0 2968 18 2 190 1 8
0 2977 9 3 22
0 2997 15 2 6
0 3000 35
0 3015 9 1 18
0 3023 34
0 3061 3 2 9 2 12 2 15 1 1 1 81 1 33 1 20
0 3080 7 1 49 1 1
0 3107 3
0 3147 61
0 3151 6 1 2
0 3153 2 1 46 1 10 1 76 2 11 2 26 1 44 1 52 1 10
0 3170 95
0 3174 18 2 92 1 49
0 3187 14 2 5 1 14 1 1 1 1 1 2
0 3190 15 1 4 1 24 1 75 2 11 2 41
0 3196 4 2 2 1 18 1 36 1 22 1 5
0 3204 16 1 51 1 2
0 3252 4 1 6
0 3259 19 1 10
0 3262 4 2 58 1 11 1 12 1 18
0 3263 22 4 37
0 3268 35
0 3283 30 2 28
0 3298 7
0 3307 19 2 12 1 12 1 6 1 6
0 3311 12
0 3345 155 1 2
0 3363 17
0 3370 17 3 67 1 7
0 3381 27
0 3383 1 5 22 2 28 2 10 1 8 1 10 1 3
0 3384 8
0 3386 15 1 38 1 28 1 20 2 8 1 19 1 16
0 3399 42 1 22 1 17 1 26 1 38 1 28
0 3413 128
0 3415 5 2 1 1 2 1 21 1 14
0 3423 46 3 3 1 39 1 70 1 17
0 3445 6 2 26
0 3447 61 5 3 3 10 2 8 2 12 3 35
0 3465 37 2 8
0 3471 6
0 3477 71 1 30 2 20 1 20
0 3478 6 3 10 1 6 2 33 1 33 2 25
0 3480 1 5 53 1 26 1 78 1 3 1 20
0 3500 7 1 11 1 8
0 3523 12 3 7 2 1 1 51 1 12
0 3533 5 2 42 2 20 3 27 1 7 3 12 1 1 6 23 1 59 5 2 1 1
0 3538 42 2 24 2 24 1 36 1 26 1 13 1 24
0 3547 4
0 3552 28 1 31
0 3562 25 1 16
0 3579 11 2 48 1 39 2 15 1 20 1 27 1 24
0 3593 8 1 15 1 31 3 39 1 5 4 8
0 3596 171 3 2 1 22 1 2
0 3606 127 4 22 2 1 2 5 1 14
0 3629 14 1 40
0 3632 11 1 8 1 9 1 28 1 52
0 3662 8 1 12 1 2 1 31 1 5 1 16 2 21
0 3679 23
0 3697 43 1 46 2 3 5 22
0 3706 23
0 3709 43 3 16
0 3730 37 1 59 1 55
0 3734 25
0 3735 55 1 57 3 5
0 3763 11 4 126
0 3778 15
0 3780 83 2 66 1 13
0 3792 52 2 6 1 129 1 3 4 52
0 3817 2 1 19 2 71 2 13
0 3818 42 2 11 1 7 2 7 1 25 1 51
0 3820 88 3 4 1 1 2 94 2 26 2 36 1 1
0 3824 2
0 3831 66 2 36 2 9 3 21 2 2 1 30 1 29 1 27
0 3832 5 1 15
0 3833 21 1 64 1 16 1 21 1 1 1 45
0 3861 116 1 50
0 3867 17 1 13 5 35 1 3
0 3877 2
0 3888 11 3 14 3 9 2 15
0 3891 23 1 9 2 25 1 18
0 3892 47 1 13
0 3904 10 6 103 3 15 1 36 4 20 1 9 1 5 1 11 1 17 1 85 1 52 2 15
0 3908 10
0 3919 32 1 13 1 68 3 31 2 18
0 3922 18 1 12
0 3934 29 2 105 1 35
0 3935 4 2 19
0 3946 12 2 3 1 36 1 69 1 2 2 21
0 3947 7 3 79
0 3951 17 2 130
0 3979 44 1 9
0 4006 136 2 60 2 4
0 4019 54 1 30
0 4027 10 1 40 1 56
0 4030 37 2 10
0 4031 14 2 1 3 52 3 76 6 8 1 84
0 4060 30 1 18 1 57 3 7 2 79 2 24 3 28 5 64 1 11 1 10
0 4068 1
0 4085 56 1 5
0 4101 121 4 6 1 41
0 4109 114 2 18 1 20
0 4113 73 1 9 2 31 4 29 2 37 2 16
0 4118 52 1 5
0 4122 53 2 48 3 72 1 62
0 4128 5 1 38 2 5 1 83 3 65
0 4143 7 2 13 4 5
0 4150 43 1 17 1 18
0 4152 16 1 37
0 4166 5 1 12 1 52 2 25
0 4173 46 1 25 2 45 1 2
0 4190 7 2 36 4 48 1 2
0 4212 5 1 8 1 37 1 22 2 11 1 5
0 4213 54 1 5 1 40 1 8
0 4232 2 1 9 1 30
0 4305 16 1 54 1 9
0 4320 21 5 22 1 15
0 4329 31 2 32
0 4332 42 1 30 1 12 1 7
0 4356 23 3 48 1 45
0 4367 62 1 5 1 5 1 8 1 6 3 104 2 13 1 16 1 82 3 30
0 4384 66 1 63 1 10 1 2 1 50 2 39 1 9 1 64
0 4403 71 2 58
0 4410 8 1 9 1 5 1 9
0 4414 68
0 4416 78 3 23 1 3 5 20 2 4 1 15 1 9
0 4419 37
0 4426 33 2 31 1 21
0 4485 30 1 5 2 30 1 5 2 26
0 4488 86 2 7 3 3 1 3 1 18
0 4493 3 1 6 1 32
0 4537 15 1 5 1 41
0 4540 10
0 4543 23 3 6
0 4547 26 1 54
0 4554 3 1 45 1 6
0 4573 75 5 48 1 3
0 4575 17 2 33
0 4577 20
0 4583 78 2 22 1 2 1 24
0 4587 12 3 15
0 4599 42 1 57 1 38 2 41 1 78
0 4611 11 1 26 1 62 1 6 1 12 1 21 1 29 1 14 1 1 2 58 2 55 1 17 1 6 1 16
0 4617 32 2 49 1 64
0 4629 36 1 10
0 4631 35 2 42 1 12
0 4636 7 1 4
0 4661 26 2 12 4 37 1 44
0 4666 50
0 4682 7 1 9
0 4683 4 4 34 2 37 1 7 1 102 1 56
0 4715 3 1 53 1 71 1 9 1 44 2 8
0 4742 38 1 61 2 8 2 41 1 33
0 4757 12 1 20 1 22 3 1 1 27
0 4801 8 1 10
0 4805 23
0 4806 47 3 44 3 6 2 81
0 4846 30 1 13 2 11 1 11 1 24
0 4847 74 1 14 1 58
0 4860 2
0 4871 43 2 13 3 4 2 6
0 4876 13 2 38
0 4892 44 1 8 1 60 1 6 2 64
0 4901 32 1 63 2 5 1 29
0 4903 13 2 7
0 4929 16 5 43 2 5
0 4943 24 2 61 2 2
0 4954 8 1 55 2 35
0 4960 58 1 84 1 31 1 31
0 4964 21 1 115 2 13 1 124 4 90
0 4969 57 1 29 2 21
0 5020 2
0 5036 27 2 1
0 5039 48
0 5046 9 1 56 1 4 1 2 1 43 1 60
0 5050 23 2 19
0 5052 9 2 24 1 4
0 5056 82 3 30 1 13
0 5075 27 3 5 1 16 2 22
0 5078 101 1 2 1 5 1 5
0 5092 47 1 10 1 30
0 5094 69 2 4
0 5102 37 2 2
0 5105 5 1 17 4 17 2 30 1 32 2 9 1 23 2 1
0 5106 38 1 66 2 5 2 52 2 36 2 68 1 57
0 5111 73 2 17 1 5
0 5112 59 1 25
0 5121 30 2 64
0 5144 31
0 5149 23 1 12 1 17 1 24 1 89
0 5163 4
0 5189 16
0 5190 36 2 8
0 5213 83
0 5216 85 2 73 1 10 1 38
0 5218 34 4 26
0 5247 4 1 9 1 25 1 8
0 5251 22 1 46 1 17
0 5257 1 4 29 1 41
0 5275 1 2 38
0 5279 21 1 43
0 5284 14 1 28
0 5287 2 1 33 2 12 1 4
0 5297 25 1 63
0 5310 90 1 5
0 5311 48 3 28
