0 0 43
0 3 64 1 115
0 4 11 1 2 1 39
0 7 46 1 38 1 14 1 14 2 50 3 48
0 11 1
0 14 12 2 2 1 6
0 31 49
0 33 13 1 66 1 54
0 36 83 2 13 3 8 2 28 3 6 1 46 1 175
0 40 29 1 17 1 7 2 35 1 15 1 6 1 40 1 11 3 22
0 44 38 1 21 1 56
0 57 21 4 33 2 26
0 68 34 3 63
0 73 8 4 10 1 10 1 17 1 12
0 85 12 3 34 1 142
0 107 14 1 50
0 110 56
0 115 64 1 11 2 52
0 117 6 2 39 1 6
0 122 54 1 11
0 129 1 1 25 3 39 2 129
0 130 11 1 10 1 20 2 31
0 139 73 1 32 1 11
0 141 70 2 5
0 150 28 3 20
0 154 10 1 33 4 7 2 34 1 16
0 175 25 2 35 1 18 2 3 2 12 1 31 3 29 1 19 3 15
0 185 4 1 31 2 26 1 9 1 2 1 2
0 187 30 1 16 1 74 2 5 3 1 1 10
0 190 23 1 39 2 13 2 59 2 8 2 20
0 227 59 1 13
0 229 3 1 39
0 244 4 1 75
0 248 13 2 5 1 16 1 1 1 36 2 32
0 249 13 1 20 1 30
0 251 2
0 285 39 1 2 6 6
0 288 13 2 32
0 345 59 1 35 4 5 2 49 1 31 1 85 2 33
0 353 14
0 357 57
0 363 93
0 372 7 1 23 1 23 3 16
0 375 44 1 9 1 42 2 3 1 6
0 381 54 1 6 1 14
0 385 17
0 391 67
0 436 5 2 15 6 16 3 21
0 440 14 1 9 1 27
0 442 54 1 36 2 4
0 452 27 1 8 1 40 1 17
0 456 18 1 10 1 62 1 3
0 482 14 1 35
0 491 1 2 73 1 31
0 502 16 1 9 1 29
0 531 15
0 532 71 1 2 1 23 3 106 2 10
0 539 1 1 10 3 9 3 25
0 546 3 1 106 1 5
0 567 23 1 2 1 4 1 5
0 571 17 3 28 4 45 3 19 1 29 1 8 1 40 1 6
0 574 84 2 43 1 1
0 584 79 1 17 6 22 1 27
0 585 10 6 56 1 33 3 1
0 590 15 2 22
0 597 33 3 15 1 73
0 605 3 1 111 1 64 2 41
0 623 30
0 647 148 3 25 1 27
0 648 35 1 8 1 13 1 16 1 2
0 652 3
0 653 1 1 26
0 666 9 1 3
0 668 35 1 1 1 12 2 28 1 36 1 19 3 12 1 5 1 9 1 40 2 8 1 38
0 676 16 2 32
0 678 89 1 20
0 684 26 1 17 1 30 1 40 3 140
0 687 100
0 717 49
0 720 10
0 729 30 1 16
0 730 54
0 733 42 1 23
0 737 21 2 11
0 738 8 1 31
0 740 73 1 9 2 22
0 742 56 2 73
0 749 49 1 13
0 759 37 1 78 1 46 1 43 1 14 1 137 3 9 1 63 1 40
0 767 24 3 24 1 26 1 69 1 115
0 770 2 1 13
0 790 67 3 67
0 810 10 1 4 3 66 1 6 1 141 1 51 4 36 1 10
0 811 46 2 4 2 3 4 5
0 834 12 2 58 1 45
0 846 87 1 11 4 18
0 848 4 1 23 1 29
0 850 62
0 861 30 1 51 1 102 1 16 2 13
0 864 6 3 31 2 21 1 33 1 24 1 46 1 15
0 870 60 1 27
0 899 53 1 37 4 37
0 921 12 1 13
0 974 20
0 975 6 2 13
0 994 44 1 8 1 40 1 18 1 36 1 16
0 998 16 1 46 1 10 1 15
0 1008 40 1 92
0 1011 10 1 9
0 1014 8 1 77
0 1021 5 1 114 1 113 3 32 1 42
0 1022 17 4 16 1 9
0 1023 40
0 1028 14 1 21
0 1056 8 1 32
0 1070 74 1 15
0 1072 53 2 19 2 6 1 24 1 10
0 1077 6 1 28 2 48
0 1078 31 1 11
0 1086 5 1 21 3 36 1 25 2 46
0 1109 2
0 1124 12 1 11 1 4
0 1132 14
0 1144 32 2 7 2 3 1 43 2 21 1 60
0 1148 7
0 1161 7 1 17
0 1163 17 2 53 2 33
0 1183 6 1 5
0 1187 12 1 58 1 21
0 1193 32 1 41 3 44
0 1195 44 3 15 1 26 1 34 1 8 1 33
0 1196 18 1 70 1 30 1 37
0 1199 20 1 55 1 24
0 1201 68 1 7 1 32 1 71 3 58 1 41 2 82 2 2 2 4 1 95 1 3
0 1203 13 1 46 1 43
0 1209 4 1 14 1 37
0 1218 5
0 1236 30 2 17 1 5
0 1258 28
0 1262 12 2 39 2 5 1 36 1 20 1 14
0 1282 49 1 41 1 70 1 25
0 1287 20 1 21 1 9 2 35
0 1288 1 1 22 2 81 2 32 1 12
0 1295 96 1 63 2 5 1 92 4 1 4 63 1 5 1 20 1 52 1 27 3 13 1 16 1 18 2 14
0 1297 1 1 16 1 59
0 1302 25 2 16 1 14 1 1 2 47
0 1307 5 6 7 1 31
0 1311 15 1 15
0 1324 8 2 69 4 40 2 22 1 2 2 47 1 26
0 1325 14 1 48
0 1340 42 1 31
0 1341 8 1 9 1 15 1 13 1 15
0 1367 32 1 9
0 1371 7 2 7 1 32 1 18
0 1394 18
0 1399 22
0 1404 23 1 3 1 52 2 2 1 7 3 6
0 1410 53
0 1419 3 1 10 1 8
0 1425 25 1 20
0 1434 10 2 22 4 8
0 1442 6 1 13 2 35
0 1444 2 1 94
0 1449 33 1 15 1 19
0 1457 27 1 9 1 5 1 32 1 20
0 1458 18 1 218
0 1472 8 3 7 1 97 1 1
0 1500 28 4 30
0 1509 10
0 1511 5 1 64
0 1512 12 2 13 1 12
0 1523 13 1 9 1 8
0 1529 11 1 7
0 1535 7 1 52 2 33
0 1540 4 1 50 1 104 2 11 1 38
0 1562 28 3 123
0 1593 56 1 1 1 21 2 21 1 19 1 29 1 5 1 1 3 53 1 7
0 1595 14 1 8 1 9
0 1616 18 1 22 1 21 1 51 1 71 1 1 2 46 1 35 3 7 1 3 3 7 1 15
0 1617 10 1 30 1 12 2 27 1 39 2 52 1 118
0 1620 43 2 81 1 29
0 1623 44 1 11 1 16 1 27 1 3 1 44
0 1655 26 1 47 1 22 1 16
0 1664 9 1 17 1 2 2 12 3 69
0 1672 6
0 1690 1 1 6 1 91
0 1706 62 2 42
0 1707 19 1 4
0 1709 31
0 1718 21 2 19 1 1
0 1720 9 1 41 1 31 1 26 2 32
0 1729 41 1 13 1 16 3 20
0 1735 64
0 1741 5 1 38 1 29
0 1744 63 1 28 1 69 1 54
0 1758 3 3 33 4 12 1 8 2 7 1 42
0 1761 14 4 2 2 10 1 24
0 1769 43 2 49 4 13 1 1 1 16
0 1772 1 3 13
0 1777 43 1 4 2 4
0 1779 15 1 3 5 27 1 43 3 32 1 35 2 3 1 3 1 23
0 1783 17
0 1790 45 1 4 1 2
0 1798 19 1 45 1 36
0 1805 11 2 4 1 40 2 14 1 20 2 24 1 6 1 13 2 72 3 14
0 1830 57
0 1847 8 2 7
0 1848 42 3 26 2 38 1 40
0 1851 15 6 49
0 1883 9 2 9 1 16 3 17
0 1885 22
0 1919 14 1 4
0 1938 16 1 64 1 20 4 2 1 26 1 30 2 11 2 44 4 8 1 39 2 50 1 13 1 1
0 1942 4 2 4 1 12
0 1946 66 5 8 1 4
0 1963 24 1 31 1 4 2 3 1 51 1 41 2 77 2 28
0 1975 11
0 1979 38
0 1981 32 1 25
0 1989 11 1 52 2 58 1 15 1 23 1 2
0 2008 4 2 3
0 2010 21 3 42 2 12 4 66 1 38 2 6 3 10 2 38
0 2016 110 1 3 1 4 1 29 1 23 1 1 1 20
0 2018 41
0 2019 60 1 60
0 2038 55 1 71 1 12 3 12 1 94 1 33 1 87 1 29
0 2040 195 1 36 1 49 3 7
0 2066 5 1 81 1 55
0 2079 19
0 2130 60 1 35 1 13 2 9 1 34
0 2133 22 1 32
0 2142 7 1 25 5 111 1 30 2 1 2 93 1 40 2 55
0 2150 32 1 1
0 2157 4 1 15 1 80 1 25
0 2165 9
0 2171 21 1 2
0 2176 195
0 2189 65 3 34
0 2192 39 1 98
0 2204 56 1 35
0 2205 2 4 69 1 95 1 10
0 2211 33
0 2212 26 2 62 5 11 2 11
0 2214 29
0 2233 61 1 22 2 56 1 47 1 14
0 2264 33 1 12 1 12 1 25 1 27
0 2274 63 5 43
0 2278 4
0 2308 14 1 39 1 63 1 2 2 108 4 4
0 2312 9 3 65 1 165 1 12
0 2323 30 1 26 1 30 1 6
0 2327 7
0 2333 67 1 3
0 2341 17 1 32 1 60
0 2354 47
0 2358 36 1 171 1 25 1 15 1 23 2 32 1 8 1 74
0 2391 68 3 8
0 2410 28 4 1 4 57 1 11 3 64
0 2412 29 1 3 2 9
0 2422 65 2 44 1 14 2 5 1 39 2 31
0 2431 12 2 4
0 2437 14 2 10 1 21 1 6 1 76 1 16
0 2448 26 2 16
0 2454 12
0 2467 63
0 2470 10 1 45 1 22 1 50 1 26 1 40
0 2473 11 1 4
0 2482 63 3 29 1 30 8 13
0 2487 55 1 65 4 22 1 24 1 35 4 11
0 2491 78 1 37 1 37 1 21 2 36 2 8
0 2508 17 1 73 4 28 1 12
0 2517 27 2 2 1 23
0 2528 32 1 152
0 2532 15 1 32
0 2536 15
0 2559 30 1 71 3 2 1 83 1 2
0 2560 29 2 1 1 14 1 39 1 13 1 46 2 9 2 54
0 2580 81 1 99 1 13 3 46 1 26 1 13
0 2581 40
0 2586 16 1 28 1 37 1 4 1 23 1 1 1 10 2 22 1 14 1 25
0 2587 25
0 2598 8 1 1
0 2606 33 1 19 2 37 3 31 3 55
0 2617 2
0 2624 3
0 2633 58
0 2647 16 2 10
0 2651 116 1 24 2 19 1 8
0 2661 22 2 15
0 2666 1 3 4 1 24 4 17 1 3 2 56 1 122 1 31 1 103 1 11
0 2674 5 3 90 1 22
0 2677 52 3 11 3 15 1 25
0 2678 30 1 33
0 2692 13 1 38 3 1 1 31
0 2697 10 3 21 3 118 1 3 1 31
0 2702 38 1 56 3 76 6 28
0 2725 39
0 2731 14 2 7 1 28 3 87
0 2736 1 5 52
0 2746 7 1 14 2 51 1 43 1 5
0 2754 59 1 6
0 2762 43 2 30 1 47
0 2775 6 1 11 1 10 1 17 2 70 1 21
0 2777 22 1 1 3 37
0 2796 13 1 22 7 121
0 2802 19 1 17 1 74
0 2806 16 4 26 1 9 1 169
0 2816 35 1 6
0 2844 13 1 84
0 2853 51 1 16 1 37 2 44 3 21 2 42 2 21 2 38 2 4
0 2854 13 2 29 1 14
0 2874 40 1 50
0 2879 52 1 22
0 2914 37 1 14 1 81
0 2939 8
0 2965 4 2 88
0 2970 6 1 11 2 22
0 2974 32 1 33
0 2997 51 1 59
0 3026 4
0 3035 45 1 38 1 27
0 3039 30 1 21 2 66 1 6 1 29 4 34 2 15 1 29 1 3
0 3063 2 1 2 2 15 1 124 1 69
0 3069 56 1 17 1 8 1 104 1 24 1 40 1 3
0 3091 47
0 3112 24 2 39
0 3123 11 1 63 2 13 1 15
0 3131 2
0 3148 47
0 3150 18 1 3 1 7
0 3158 15 1 13
0 3178 48 1 5
0 3189 14 1 48
0 3201 28
0 3203 4 1 12 1 30
0 3205 10 2 2
0 3208 64 2 65 3 17 1 28 1 7 1 37 2 2
0 3216 20 1 5 1 33 2 9 1 20
0 3219 7
0 3242 12 1 58
0 3249 24
0 3256 15 3 23
0 3276 38 2 9 3 34 1 13
0 3282 98 1 35 1 41
0 3285 32 1 7 1 34
0 3290 32 4 5 2 14 6 43 2 113 1 22 1 4 1 13 2 33
0 3293 69 1 22 1 15
0 3294 5 1 14
0 3299 40 3 4 1 17
0 3300 24
0 3301 19 1 15
0 3318 20
0 3324 5 1 30 1 22 2 31 2 50
0 3331 21 1 18 1 52
0 3338 29 1 7
0 3343 48 2 20 1 101 5 18 2 13 1 11
0 3348 1
0 3360 7 2 16 1 36 1 24 2 30 1 27
0 3362 41 1 63 1 19 3 5 1 15
0 3365 78 2 18 1 22
0 3376 5 1 14 1 5 2 37 1 7 2 6 3 2 1 38
0 3388 25 2 25 1 153 1 69 1 28 1 54
0 3397 4 2 7 1 81 1 6
0 3401 1 1 17
0 3429 12 1 10 3 26 1 4 1 50 3 56 4 9
0 3440 118 1 11 1 4 1 28 1 44
0 3459 10 1 17
0 3469 3 1 87 1 5 1 55 5 35
0 3470 96 2 14 1 20
0 3471 10 1 40 1 27
0 3486 7 1 6
0 3487 22 3 21
0 3502 15
0 3534 11 6 2
0 3544 31 1 9 1 21 2 39 2 17 1 17 1 7 4 14 5 16
0 3564 39 1 35 1 3 1 36 1 13
0 3574 21 2 10 1 10 2 20 2 8 1 119 3 6 1 55 1 11
0 3584 13 3 4 1 17 1 4 1 4 2 17 2 32
0 3589 145 1 38 1 89 2 30
0 3608 25 2 4 2 12 1 58
0 3616 29 1 29 1 55 1 73 2 34 1 10
0 3618 87
0 3621 13 1 10
0 3622 9 1 22
0 3623 10 1 20
0 3630 22 1 135 2 62
0 3637 34 1 42
0 3652 24 2 7 2 72 1 19 4 23 3 13 1 44 1 23 1 17 1 2 2 2 3 10
0 3677 6 1 7 3 33
0 3680 39
0 3684 58 3 1 1 7 4 23 1 5 1 30
0 3700 8 1 64
0 3710 20 4 41
0 3712 7 1 15 2 117 1 45 1 60 2 12 4 19
0 3721 11 2 25 1 15 1 1
0 3732 25
0 3753 16
0 3756 19
0 3764 1 1 13 1 17 1 11 3 28 1 2 1 29
0 3785 2 1 70
0 3796 20 3 92
0 3812 16 2 18 1 27 1 6 3 4 1 18 1 58
0 3813 41 1 27
0 3815 6 1 9
0 3819 55 2 62
0 3822 18 3 28
0 3829 33 1 8 1 18
0 3833 5 3 7 1 21 1 16 2 27 2 5 1 15
0 3846 11 1 1
0 3880 5
0 3899 19 1 2
0 3900 15
0 3923 10 4 3
0 3926 8 1 36 3 13 1 4 4 16 1 31
0 3936 34
0 3952 8 1 114 2 6
0 4020 10 2 14
0 4021 4 1 14
0 4028 13 4 9 1 25
0 4030 68 1 81 2 3 2 1 1 19
0 4070 10 2 76 1 138 1 88 1 23
0 4083 13 1 59
0 4085 60
0 4089 14 1 66 3 1 1 1
0 4095 65 1 3
0 4114 12 1 3 1 26 1 36 3 5 1 24 1 141
0 4137 44 1 8
0 4139 1
0 4150 8 4 61
0 4158 24 1 2 1 13 1 1 5 50 2 45 1 35 1 27 1 8 2 10 1 76 5 12 2 55 1 27 2 28
0 4183 51 1 23 1 99 1 28
0 4202 90
0 4228 53 1 29 1 28 2 46 6 115 1 10 1 42 1 36 4 66 1 5 1 48 1 158 1 4 2 62 1 55 1 2 1 1
0 4240 15 1 51 1 14 1 9
0 4254 65
0 4260 23 1 42
0 4267 84 1 65 1 13 1 45 1 21 1 34 1 11
0 4268 27 4 15
0 4273 7 2 4 2 15 2 55 1 71 2 54
0 4277 1 4 5
0 4279 116 1 6 2 19 1 3
0 4286 10 1 56 2 58
0 4292 1 2 90
0 4305 6 3 6 1 66
0 4325 80 1 9 1 53 2 26 1 10 1 39 2 31 2 1
0 4353 11
0 4372 110 1 26 3 89 2 35
0 4393 21
0 4403 1 2 15 3 21 1 37 3 1 1 11 1 16 1 31 2 11
0 4414 1 1 1 1 49
0 4415 16 1 52
0 4417 16 3 32
0 4436 18 2 45
0 4444 13 2 30 1 13 2 5 2 21 3 29 1 18 1 19
0 4447 5 1 25 1 26 1 89 2 17 1 3 1 32 1 64 4 4 3 6 2 40 1 22 1 50 1 11 1 8 3 1
0 4453 13 1 60 2 33 1 52 1 15
0 4473 13 3 39 1 14 1 20
0 4483 12
0 4508 1 1 150 3 30 2 35
0 4509 7 1 15
0 4512 10 3 29 1 30 2 61 1 4 2 3 1 6
0 4526 20 3 32 1 62 1 123
0 4534 3 1 57 3 61 1 10 2 1 1 1 1 44 1 13
0 4539 65 1 8 1 3 3 27 1 61 2 37
0 4540 16 2 7
0 4542 54 2 53
0 4554 74
0 4558 27 1 35 1 69 1 15 1 20 1 80
0 4563 4 1 100 2 25 1 14 4 5 2 8 1 20
0 4569 5 1 31 1 12 2 43 4 17 1 19
0 4582 16
0 4610 24 1 3
0 4625 38
0 4626 63 4 3
0 4630 134 2 33 1 4 1 40
0 4634 37 2 10 1 60
0 4643 3
0 4654 66 1 34 1 11 1 19
0 4677 12 2 5 1 60
0 4698 8 1 27 3 23
0 4711 65 2 22 1 20 2 70
0 4714 110 2 40
0 4716 42
0 4727 84 1 30 1 22
0 4733 15 2 3 2 14
0 4743 72 1 1 1 12 1 76 2 63
0 4767 23 1 75 2 19 1 112
0 4769 57 1 95 1 17
0 4787 17 2 7
0 4804 28 1 11
0 4805 12 2 7 1 81
0 4807 16 1 13
0 4810 1 3 9 2 17
0 4817 43 3 18
0 4836 4 1 43 2 13 3 8 2 10 1 105
0 4855 61 2 48 1 19
0 4860 16 2 20 1 47
0 4867 4 1 8 2 25 1 2
0 4879 28 1 78 3 17 1 6 2 6
0 4880 6 1 1
