0 0 9 8 110 1 14 1 35 1 86 2 24 2 3
0 1 22 2 35 2 3 1 37 2 25 1 160 1 210 3 16 1 12 1 46 1 14
0 7 16
0 16 47 1 33
0 29 83 2 5 1 19 1 32 1 24 1 29 1 7 1 12
0 31 1 1 127
0 39 96 1 45 1 45 1 2
0 55 11 1 39 2 60
0 61 6 2 31 1 30 2 10 5 16 2 3 2 86 2 23 1 1 2 45 3 74
0 64 8 1 33 2 11
0 65 44 1 77
0 66 31 1 5
0 82 3 5 114 1 11 4 48 2 75
0 83 19 1 55 2 68 2 66
0 103 1 1 16
0 126 15 1 59
0 131 59 1 112
0 132 33 1 33
0 143 29 1 20
0 147 61
0 168 6
0 170 103
0 175 8 1 90 1 10 1 14 3 9 1 23 1 30
0 181 18 2 19
0 189 26
0 193 46 2 52 4 52
0 200 40 1 2 1 28 3 5 1 5 1 4 7 17
0 210 28 1 28
0 221 4 3 11 1 69 2 1 1 61 3 42
0 239 18 1 15 1 17 3 2
0 242 16 1 9 1 31 1 11 2 67 1 61 1 36 1 10
0 245 5 1 31
0 247 22 1 32 1 4
0 248 58 1 70
0 250 19 1 4 1 65 1 78 3 2 1 39
0 257 72
0 278 2 1 8 3 143 3 49
0 287 5 4 48
0 292 4 1 15
0 306 21
0 321 4
0 333 108 1 7 1 60 3 3 1 31 2 5 1 6
0 368 9
0 371 68 1 1 1 11 2 22
0 393 21
0 406 4 1 30 2 25
0 419 10 2 115 2 61 1 51
0 427 92 1 72 4 5 2 2
0 462 26 1 21 1 8 1 12
0 471 65 2 32
0 476 76 1 81
0 481 16
0 503 15 3 65 1 17
0 506 61
0 519 14 2 18 1 4
0 523 35 2 2 2 20
0 525 18 1 49 1 16 1 3 1 31 1 8 1 50
0 541 10 1 12 1 43
0 556 55 1 24 1 20 1 67
0 586 23 1 8 2 49
0 588 55 2 13 1 1
0 594 10 1 29
0 598 81 1 11
0 600 61 1 36
0 610 10
0 613 2 2 12 1 28 1 25
0 617 52
0 620 32 1 11 1 9 1 28 1 7 1 16 1 2 1 23 1 8 1 9
0 626 18 1 41
0 634 26 1 20 4 37 2 14 1 13 1 12
0 635 25
0 639 2 1 71 1 28
0 645 1 1 48
0 671 125 2 30 1 49 1 76
0 678 46 3 40 1 36 2 57 1 35
0 688 55 1 5 1 20
0 692 7 3 18
0 713 3
0 718 78 5 10 2 21 1 5
0 722 30 4 10 3 15 1 19 1 115 2 7 2 2 1 27 1 18 1 44 6 20
0 725 5 1 15 1 3
0 746 23 1 3
0 750 36 2 18
0 752 40 2 34 3 21
0 756 4 2 1
0 769 24 1 35 3 10 1 15 1 68 2 48
0 796 13 1 34
0 812 77 1 2
0 815 14 1 32
0 818 2 3 53 1 16 1 16
0 832 36 1 5 2 4
0 837 20
0 851 13 1 36 1 4
0 852 28 1 53 2 69
0 867 54 1 43
0 878 20 1 41 1 45
0 893 8 1 6
0 905 44 2 12
0 906 20 1 13
0 913 21 2 60 3 26 1 20 1 20
0 925 9 1 33 1 10 2 55
0 930 6 1 7
0 932 96 4 43 1 145 2 30 1 15 1 1 4 30 2 1 2 6
0 944 121
0 945 1 1 11 1 8 1 36 1 9 2 29
0 968 57
0 972 47 2 13
0 984 78 1 42
0 987 16
0 1003 17 1 22
0 1010 5 1 72 1 13 1 67 1 24 1 54 2 30 1 21 1 19 1 52
0 1011 61 1 24 3 8 2 28 2 9 3 59
0 1018 21
0 1027 8 2 52
0 1044 6 1 15 6 33 1 13 1 1 3 98 1 34
0 1046 7 1 88 2 31 1 33 3 14 1 13
0 1055 7 1 23
0 1057 43 2 20 2 46 1 36
0 1060 75 1 107
0 1066 13 1 108 1 1 1 36 1 32 2 52
0 1077 5
0 1085 2 2 83 1 10 1 5 1 14 1 74
0 1096 2
0 1107 117
0 1145 37 1 17 3 64 1 18 3 52 1 4 1 51
0 1146 24 2 187
0 1156 18 2 57
0 1178 101 3 117 2 52 1 4 2 17 2 50 3 12
0 1190 13 1 8 2 6
0 1192 8 3 105 2 38
0 1199 20
0 1223 37
0 1230 33
0 1231 26 2 7
0 1239 24
0 1240 20 1 46
0 1244 6 1 62 4 30 2 2
0 1257 9 1 47 2 19 1 7 5 44
0 1261 91 1 52 2 41
0 1285 15
0 1292 8 1 66
0 1293 40 1 33 1 23 1 33
0 1303 2 2 66
0 1305 7
0 1314 23
0 1318 31 1 75 1 8 1 135 1 138 1 18 2 16 1 18
0 1319 10 2 63
0 1329 93 1 46
0 1335 3 1 8
0 1337 9 1 28
0 1343 23 1 49 1 5 1 8
0 1382 69 1 37 1 4 4 75 1 60 1 16
0 1385 18 1 17
0 1393 24
0 1397 24 1 6 2 9
0 1405 167 2 18 1 47 1 8
0 1408 17
0 1414 5 1 26
0 1422 68 2 70 2 4
0 1444 19 1 54 1 14 2 102 2 23
0 1453 14 1 43 1 20
0 1488 5 2 8 1 25
0 1514 9 1 22
0 1537 41 2 81 2 89 1 37 2 42 1 6 2 38 2 6 2 19
0 1562 12 1 16 1 22
0 1579 14 6 35 1 68 3 17 1 64 4 6 1 33
0 1598 14 1 15 1 19
0 1632 11 3 41 1 5 2 13 1 1 1 34
0 1644 47 1 15 2 36 1 48 2 68 2 21 1 58 3 51 1 40 1 102 2 3 2 15
0 1645 10 1 11 1 9 1 8 1 13 4 12
0 1648 55 1 35 2 28 2 22 1 44
0 1650 9 1 1 1 23 1 3 1 12
0 1654 4 2 95
0 1655 21 1 20 4 22 1 32
0 1659 6 2 54 2 35 1 76
0 1701 25
0 1746 17 1 2
0 1749 11 3 48
0 1753 27 2 15 1 5
0 1766 25 1 3
0 1771 36 1 20
0 1773 104 1 12
0 1777 12
0 1778 8 1 73
0 1782 63 3 60 3 19 2 47 1 6
0 1786 7
0 1804 2 1 16 1 6
0 1806 1 1 39 3 13 1 43 2 8
0 1808 42
0 1812 13 1 54 1 25 1 51 1 25 5 10 2 13
0 1818 7 2 11
0 1828 9
0 1836 7 1 31 3 1 1 14
0 1860 1 1 22 1 73 1 19 1 33 6 37 1 45 2 22
0 1861 21 1 18
0 1865 27 1 33 1 95 2 3 3 43
0 1870 55 2 17 1 83
0 1888 60
0 1897 15 2 19 2 52 1 46 1 128 1 91 1 3 1 31
0 1903 42
0 1916 33 3 42 1 24
0 1918 4 1 49 2 33 1 80
0 1921 10
0 1925 52 1 11
0 1927 83 1 28 2 98 2 73
0 1945 1 2 53
0 1968 11
0 1976 7 2 10 1 22
0 1990 27 1 51
0 1993 32
0 1994 17 1 67 3 7 3 10 1 28 1 41
0 2001 35 1 4 1 41 1 23 1 5
0 2019 41 1 20
0 2022 42 2 2
0 2043 16 3 6 1 12 5 4 1 24
0 2044 84
0 2064 1 1 16 1 2 1 9
0 2065 10 2 56
0 2080 6 1 15
0 2089 19
0 2090 11 1 8 1 13 1 4
0 2096 5 3 102
0 2106 27 2 40 3 24
0 2111 38 1 18 1 72 3 82
0 2123 150
0 2124 3 1 77 1 79
0 2137 69 1 41 1 54 2 15 1 2 2 42 3 9 1 61 3 6 1 17 1 81
0 2158 9 1 9
0 2166 2
0 2170 45 1 1 2 29
0 2177 8 1 57 1 23 1 68 2 1 2 17 3 2 1 26 1 80
0 2190 14 1 178 2 78
0 2196 3 1 178 1 19 1 36 1 44 1 13 1 14 1 88 1 2 2 23 1 29 2 4
0 2228 29 1 6 1 168
0 2244 78 2 39
0 2254 35 2 37 1 44 1 14
0 2258 15 1 27 1 15
0 2264 23
0 2303 15 1 13 4 66
0 2335 30 2 92 1 13 1 13 3 25
0 2339 22 1 25 1 10
0 2350 51 1 193
0 2352 11 1 1
0 2363 10 1 29
0 2369 52 1 38
0 2385 28 3 33 1 5
0 2386 23 1 19 3 142 3 27 1 35
0 2388 21 4 20 1 3
0 2391 25 1 92
0 2395 17 4 93
0 2415 116 1 4 3 18 1 34
0 2429 3 1 89 1 15
0 2440 9 2 88 3 46 1 7 1 38
0 2447 40 1 7 1 14
0 2458 10 2 20 1 40
0 2478 34
0 2488 2 1 25 1 41 3 3 1 16
0 2491 11 1 1
0 2497 138 1 19 1 19 1 4 2 11 2 2 1 52 2 44
0 2501 3 2 28
0 2518 19 1 35 2 75 1 14
0 2536 50
0 2553 95 2 27 5 12
0 2581 76 1 6 2 30 2 2 2 22
0 2597 72 1 17
0 2600 40
0 2604 8 2 13
0 2615 17 2 53 2 11
0 2638 27 1 14 1 18 3 12
0 2678 23 1 12 1 105
0 2680 37 3 52
0 2681 17 2 10 3 76 2 18 1 1 1 12
0 2688 40 1 3 1 41 1 40 3 3 1 6 3 2 2 4
0 2689 22 2 42
0 2695 49 1 14 3 16 2 7 2 22 2 41 1 54 2 10 1 30 1 5
0 2700 19 3 7 1 10
0 2704 6 3 110 3 19 3 2
0 2707 21 1 3
0 2709 16 2 51 1 33
0 2718 55 2 81
0 2753 36
0 2762 35 1 23 2 22
0 2779 13 1 42
0 2783 23
0 2811 22 1 17
0 2817 38 2 39
0 2821 56
0 2826 17 3 10 1 7 1 22
0 2828 69 1 45 6 6
0 2834 163
0 2835 2 1 10
0 2849 1 1 44
0 2871 34 2 4 2 14
0 2887 25 1 4 2 43 1 35
0 2889 46 1 4 1 46 1 48 6 57
0 2894 59 3 44
0 2917 151 1 4 2 4 1 15
0 2918 38 1 25 2 23 1 37 4 49
0 2926 10 1 10 5 1 1 8 1 3 1 57 2 45 1 10 1 14
0 2927 95 1 16 1 4 1 23 2 15
0 2931 13 1 94
0 2959 8 2 1 1 6
0 2978 2 1 56 1 18 1 51 2 53 1 8 1 35 2 69 1 6 4 56 3 14 1 1
0 2982 4 4 69 1 13 2 75 1 20 2 40
0 2989 12 1 24 1 20
0 3028 90
0 3039 26 1 37
0 3073 3 1 29
0 3079 47 1 32
0 3084 14 1 1 1 29
0 3092 25 1 45 1 33
0 3124 18 1 10
0 3136 29 1 17 1 18 2 11 2 14 1 47 2 25 1 6
0 3138 37
0 3144 9 1 20 4 44 3 28
0 3155 15
0 3168 25 2 91 1 45 1 34
0 3173 8
0 3193 3 1 48 1 17 1 23
0 3197 15 1 34 1 19 1 10 1 13 6 39
0 3216 35 2 95 4 9 1 3
0 3230 2 1 14
0 3241 6 1 20
0 3249 67 4 19 1 25 1 28 1 21 1 9
0 3264 50
0 3274 50 2 28
0 3292 25 4 77 1 20 2 23 1 68 1 14 1 40
0 3295 64
0 3304 1 1 24 1 88 3 1 1 11 1 8 4 92 1 4 1 12 2 69
0 3307 17 2 3
0 3312 15 2 32 1 13 2 23 1 35 2 9 1 4 2 29 1 23
0 3315 19 3 13 1 1 2 79 1 4 1 22 1 22 1 32 1 85
0 3370 16 1 14 1 2 1 2 1 38 2 1 1 26 1 28 1 17
0 3373 93 1 6 2 24 2 11
0 3377 22 1 15 1 4 1 11 6 21 1 1 1 88 1 8 1 19 1 20 1 7
0 3378 25 1 3
0 3395 3
0 3439 36 1 81 1 25 1 54 1 10 1 16
0 3440 58 3 29 4 19 1 33 2 10 1 11
0 3453 5 1 23
0 3461 14 2 15 1 6 1 47 3 25 1 5 1 51
0 3465 45 1 52 1 63 1 7 1 43 1 94
0 3512 33
0 3528 69 1 36 1 13 1 7
0 3544 28 1 2 1 14 3 89 2 53
0 3545 5 3 33 1 16
0 3550 50 1 12
0 3557 92 1 3 2 19 1 8 1 7 2 85 2 4 1 23 3 61 2 13 2 8 1 33 1 8 3 47 2 69 1 80 3 30 3 2
0 3558 18
0 3571 38 3 23 1 4 3 9
0 3572 41 1 38 6 38 1 3
0 3579 13
0 3586 4 1 10
0 3610 19
0 3621 30 2 56
0 3646 73 1 16 1 58 1 79 1 10 1 13
0 3674 4 3 22
0 3686 16 4 49 1 10 1 46 2 62
0 3690 24 1 10
0 3695 16
0 3716 22 2 10 1 52 2 38 2 15
0 3733 17 2 4 1 18
0 3736 67 1 7 1 72 1 22 2 16
0 3739 12 1 6 1 38 1 14 2 11 2 13 3 10 1 22
0 3768 13
0 3774 18 2 17 2 15
0 3790 72
0 3791 13 1 11 2 69 1 35 2 74 2 16 1 8 1 8
0 3800 10 1 27
0 3835 31 1 13 1 9 1 76 4 12
0 3836 17 1 73
0 3862 57 2 30 2 18
0 3864 46 1 21 1 4 1 59 1 15 1 11 2 4
0 3867 66 3 16 1 4
0 3887 43 1 15
0 3890 11 3 7 1 23
0 3914 33 1 7 2 7 3 22 3 47 2 28 1 35
0 3915 3
0 3922 12 1 4 1 11 1 58 1 27 2 67 1 88 2 44 1 77
0 3929 10
0 3937 63 1 45 1 10 1 8 2 64 2 38
0 4005 65
0 4018 15 1 46
0 4025 27
0 4045 57 1 44
0 4059 69 2 12 1 47 1 49
0 4077 9 2 30 3 54
0 4082 3 4 47 1 86 2 24 2 10 1 8 2 14 2 13 1 48 1 9 1 3
0 4089 3 1 2 1 8 1 45 1 92 2 37 1 47 3 101 1 34 1 19
0 4099 8 2 52
0 4102 30 5 14 1 22
0 4115 71
0 4122 119 2 10 4 31
0 4157 40 3 23 1 56 1 62 1 50 1 21 1 47 1 13
0 4169 110 3 42 1 57 1 10 3 21 2 61 2 33
0 4175 45 1 57
0 4177 67 2 53
0 4185 9 1 80
0 4191 179 1 10
0 4193 45 2 1 2 14 1 26
0 4196 17 3 3
0 4204 81 1 31 1 66 2 4 3 25 3 14 1 59
0 4215 21 1 2 1 90
0 4219 2
0 4227 10 2 12 4 44 2 19 1 13
0 4236 3 1 64 1 28 3 8 3 127 1 50 2 4 1 52 2 17 2 24 1 13 1 28
0 4240 51 1 9 1 68 2 12 5 3 2 18 2 16 1 32 1 45 1 1 1 43 1 12 2 12 2 27 1 9 1 42 1 95 1 15
0 4248 115 1 17 2 11
0 4250 83 1 55 1 3 1 2 2 44 1 16
0 4299 5 1 35 1 1 1 120 1 13 2 2 2 22 1 18
0 4315 3
0 4332 64 1 97 1 32
0 4356 41 1 3
0 4357 12 1 43
0 4361 2 1 180 1 91 1 4 1 16 3 87 4 79 3 2 1 19 2 11 1 5 1 11 1 3
0 4381 28 2 71 3 1
0 4398 19 4 16 3 4
0 4413 112
0 4430 63 1 14 2 19
0 4433 1
0 4451 59 1 80 1 5 1 30
0 4464 6 4 16 2 38 1 11 1 26 1 16 1 27 1 1 1 24
0 4470 1 1 18 1 20 2 43 6 54 3 21 2 24
0 4480 36
0 4482 3 1 69 2 9
0 4501 13 1 96
0 4520 24 1 83 1 23
0 4521 42 3 14 2 26 1 12
0 4530 27 1 125 2 11 1 81
0 4550 20 1 15
0 4554 9 3 15
0 4556 38 2 1 1 27
0 4559 4 3 48
0 4565 19 1 12
0 4601 13 1 44 1 1 2 15 1 2 1 12 3 95
0 4609 26 1 36 1 55 1 57 1 49 2 16 1 38 2 6 1 9 1 25
0 4614 9 7 2
0 4616 6 1 21
0 4626 27 1 18 1 24 2 2 1 32 1 12
0 4629 8 3 53 1 11 1 71
0 4632 5 1 1
0 4634 7 2 20
0 4642 1 2 32 2 13
0 4643 5 1 28
0 4654 39
0 4666 27 1 3
0 4691 9 4 80 4 23 2 37 1 9
0 4697 15 1 2 1 73 1 16 1 6 1 24 1 24 1 55 3 39 2 60 1 29 1 52 1 18 3 2 4 12 1 7 1 10
0 4722 17 1 45 2 68
0 4727 60
0 4729 47 1 15 1 76 1 51 1 38 1 17 1 57 1 9 2 59
0 4759 28 1 1
0 4772 22 2 20 1 40 2 29 1 41 2 272 1 39
0 4778 2 1 6 1 22 1 2
0 4788 8 1 81
0 4811 84 1 89 2 3
0 4840 30 2 15
0 4842 6 1 72 1 60
0 4843 3
0 4868 37 1 19 1 11 1 5 1 10
0 4880 26 1 43
0 4882 7 1 23 1 35
0 4895 77 2 18
0 4900 6 1 9
0 4901 63 2 10 2 35
0 4907 6 1 28 1 19 4 34 1 15 1 15 2 34
0 4909 51 3 11 1 28 1 6
0 4928 8 1 7 2 10
0 4956 13
0 4973 27 2 72
0 4980 6 1 8
0 4998 27
0 5022 2
0 5035 12 2 4 3 5
0 5042 12 2 2 2 28 1 22
0 5043 17 4 37 1 12
0 5044 4 1 49 1 22 4 36 1 26
0 5076 35 1 16
0 5080 10 2 22
0 5089 24 1 41 2 23 2 1
0 5118 14
0 5121 37 2 49 1 12
0 5127 24 2 3 1 12 1 15 2 34 1 5 2 13 1 7 3 4 2 4 2 145 1 18 1 10
0 5139 8 1 6 2 76
0 5145 17 1 5 1 7 1 26 2 7 2 44 1 2 1 84 3 15 1 3
0 5148 41 1 84 1 47 1 2 1 125
0 5170 6
0 5183 19
0 5193 11 5 27 4 48 5 7 2 88 1 6 1 6
0 5208 70 1 39 3 25 1 19 1 29
0 5211 37 2 6
0 5218 20 1 7
0 5236 6 1 43 1 56 2 33
0 5248 112 1 72
0 5265 24
0 5273 23 1 2 1 56
0 5282 12
0 5288 25 1 7 1 11
0 5307 10 2 2
0 5312 10 1 56
