0 0 23 2 5
0 9 24 1 16 1 115
0 21 17 1 11
0 44 1 1 13
0 58 12 1 2
0 60 1 1 18 1 59 1 112
0 65 22
0 66 39 1 30 3 6 3 31 1 29 6 2 1 57 4 2
0 70 23 1 10 2 52 2 8 5 5 1 11 1 76 1 43 1 27 1 11
0 91 8 4 19
0 102 42
0 113 3 1 71 4 120
0 114 52 2 58 4 29
0 116 94
0 121 92 1 11 3 34
0 127 46 2 18
0 139 20 1 7
0 151 58
0 159 1 1 18 1 27 2 19
0 163 47 2 6
0 172 11 3 7 1 19 1 81
0 176 4
0 181 12 1 52 1 22 1 73
0 188 107 1 56
0 189 9 3 36 1 11
0 220 7 2 2 1 23
0 224 12 1 2
0 232 10 1 16 2 24 1 7
0 247 7 3 78 4 23 3 8 2 122 1 112 1 2 1 25 1 35 3 23
0 251 112 3 21 2 35 2 43 2 16 1 43 2 3 1 61 1 166 1 62 2 28
0 255 36 1 4
0 260 19 1 21
0 305 15 1 49 1 7 1 9
0 309 35
0 318 103
0 328 108 1 16
0 333 25 1 11 1 27 1 46
0 336 68 1 5 1 13 2 63 1 23 2 30 2 23 1 1 1 137 2 40 2 41 1 9 1 15 1 81
0 338 24 2 70 1 49 1 126 1 37 1 24 1 5 1 8 1 46 1 12 2 2
0 355 122 1 65 3 52 1 8 1 3 2 9 2 3 2 5 3 21 1 23
0 356 10 1 129
0 367 40 1 26 1 4 4 49 4 119 2 10
0 384 8 1 4
0 388 4 1 5 1 50
0 395 11 1 8 1 5 3 91 1 9 2 2
0 409 15 1 7 1 14
0 414 18 1 17
0 421 59 1 86 1 6
0 422 47 2 25 1 7
0 427 3
0 441 8
0 445 29 1 15 1 7 2 48 1 52
0 452 10 1 4 1 29 1 13 2 20 1 75
0 471 70 1 28
0 484 15 2 13 1 6 1 38 1 2 2 5 2 25
0 490 11
0 492 11 3 72 2 36
0 513 15 2 24 1 44 2 7
0 515 80 1 27 1 79 1 9 2 15 1 106
0 516 91 1 19
0 522 221 1 51
0 560 11 1 39 1 18 1 36 1 46
0 563 59
0 566 40 1 17 1 13 2 40 1 29
0 594 29
0 616 23
0 625 6 1 37 2 4
0 651 34 2 6
0 657 6 4 15 1 27 2 17 1 29 2 25
0 658 38 3 65 1 10 1 21 1 12 3 41
0 675 2 1 128 1 72
0 707 17
0 713 3 1 21 1 35 3 12 2 23 1 19 1 32 1 6 1 56 1 37
0 714 6 1 25 2 27 2 49 1 51 1 47 3 117
0 725 73 2 5 1 63
0 733 14 2 1
0 740 16 1 34
0 755 103 1 36 1 4 1 1 1 21 3 50
0 773 8 4 55 2 39 3 13
0 776 11 2 24
0 785 28 2 33
0 796 33 2 14 1 83 1 43
0 810 1
0 833 19 1 58 1 14
0 834 23 1 58
0 840 10 4 40
0 859 21 1 6 1 32 1 9 4 2 2 19
0 866 54 3 1
0 869 7 1 51
0 871 9
0 900 39 1 76
0 902 62 2 56
0 903 8 1 44 1 79 1 37 1 42 3 19
0 920 23 3 71 1 48 1 50
0 945 31 3 32
0 949 28 1 121 1 54
0 955 89 2 34 1 38 2 2 1 13 1 65
0 957 51
0 967 38 1 12 1 8 3 28 1 1
0 969 68 1 33 2 31 2 20 2 20 4 5 5 26 1 11
0 983 8 1 56
0 986 100 1 23 2 18
0 1020 45 4 15 1 11 1 13 1 18 3 43 1 29
0 1023 44 1 143 1 15 1 32 1 32 2 6 3 28
0 1038 15 1 14 1 18
0 1042 35 1 31 1 43 1 1 1 57 2 47 2 3 1 30
0 1049 67 1 46 3 4 1 8 2 36 2 9 3 1 2 14 1 5 2 48
0 1052 27 1 1 1 17
0 1058 39
0 1061 2 1 43 1 21 1 19
0 1081 52 3 36
0 1100 132 1 19
0 1110 66 1 5 2 26 1 53
0 1120 6 1 62 1 14
0 1125 33 1 18 1 26 1 38
0 1132 113 1 63 2 7
0 1143 49 4 18
0 1151 20
0 1154 29 1 49 1 43
0 1157 15 1 16 2 53 1 3
0 1179 34 1 72
0 1188 14 2 49 2 38
0 1191 21 2 34 1 27 3 21 1 4
0 1193 26 2 15 2 23 1 65 1 7 2 42 1 1 1 27 1 101 2 40 1 58 2 21
0 1197 24 1 56
0 1198 20
0 1205 81 2 21 2 19 1 13 1 82
0 1206 3 1 57 2 34
0 1228 4 1 30
0 1230 8 1 4 1 14 1 14 1 30 1 7
0 1246 54 1 13
0 1260 22
0 1291 4
0 1302 13 1 12
0 1313 26 1 34 3 10 1 4 1 66 2 52 3 50 1 74
0 1341 85 2 93 2 8 2 32 1 24
0 1351 56 1 19
0 1362 76 1 38 1 47 1 40 1 16
0 1389 43
0 1392 37 1 23 1 29
0 1398 7
0 1403 71 5 5
0 1405 17 1 7 1 21
0 1412 19 3 24 3 19
0 1413 51 2 69
0 1420 95 1 9 1 60 2 17 8 8 1 16 1 5 1 4
0 1426 12 1 71 1 33 2 7 4 101
0 1436 44 1 4
0 1450 49
0 1463 24 1 33 1 30 2 79 1 40
0 1484 10 2 19 3 2
0 1498 59
0 1507 23 1 9 7 46
0 1575 78 1 27 1 108
0 1577 71 2 8 2 33
0 1592 25 1 13 1 89 2 59
0 1593 39 3 35 1 21 3 2
0 1607 70 1 52 2 63 1 2
0 1613 81 3 43 1 60
0 1626 31
0 1681 29 1 77
0 1683 62 1 67 2 22
0 1685 29 1 39 1 5
0 1691 25
0 1700 102 2 32 4 5 4 25
0 1701 9
0 1708 34 3 9 3 16
0 1709 8 1 47
0 1715 8 1 67 1 26 1 12 4 1 1 74 1 1 1 15 1 41
0 1723 48
0 1726 61 1 32 2 9
0 1754 10 1 37
0 1760 100 1 158 1 7 3 21
0 1772 61 4 2 1 45
0 1774 64 1 18 1 12 2 51 1 20 1 48 1 15
0 1778 23 1 266 1 3
0 1792 44 4 67 2 156 2 1
0 1798 29 1 33 1 41
0 1800 2 1 11 2 5
0 1801 34 1 10 1 42
0 1804 34 1 32
0 1813 18 3 83 1 46 1 22
0 1814 22 1 22 1 12
0 1817 14
0 1824 14 1 48 2 6
0 1856 14 1 1 1 36 1 31
0 1857 58 1 29 2 42
0 1858 11 1 172 1 14
0 1877 29 1 2
0 1878 57 1 14 1 36 3 27 2 166 1 82 1 30 1 10 6 20 1 7 1 32
0 1898 18 3 36
0 1910 33 2 17
0 1916 6 1 12
0 1952 68 1 2 2 6 1 32 1 3 2 14
0 1957 3
0 1985 1 1 40 1 20
0 1996 74 1 6 1 42 2 8
0 2007 16 4 39
0 2022 43 1 15 3 21 1 14 4 13
0 2028 83 1 31 1 9 1 12
0 2040 58
0 2055 19 1 40 1 13 3 28 1 25
0 2057 55 3 17 1 9
0 2059 30
0 2069 13 1 3 1 29 2 14
0 2092 59 1 60 2 2
0 2110 15 1 43 1 24 1 2 1 7
0 2120 20 2 16 1 73 1 40 1 2 2 165
0 2131 15 1 54 2 1 1 23 1 31
0 2134 14 1 16 1 2 2 12 2 4 3 88 2 104
0 2137 3
0 2138 70 4 41 1 36
0 2141 30
0 2160 1 1 23
0 2164 71 4 16
0 2166 7 1 15 1 60 5 4
0 2169 2 1 15 2 12
0 2185 4 1 137 2 23 1 15 1 56 7 16
0 2188 37 1 39
0 2189 12 1 16
0 2209 20
0 2211 5 1 65 3 8 1 7 3 49
0 2213 42 2 32
0 2219 5 2 12 2 21 2 2 1 2
0 2234 11 1 9
0 2235 19 1 3
0 2251 15 1 2 1 3 1 47 1 13
0 2254 44 2 21
0 2262 22 1 5 1 10
0 2270 52 1 127 2 1
0 2272 65 1 25
0 2280 50
0 2286 48 2 30 4 18
0 2313 4 1 89 3 15
0 2322 13 2 33
0 2361 21 1 58 1 55 3 59
0 2365 34
0 2385 4 1 17 1 25 1 70 1 6 1 18 1 71 2 4 1 16
0 2387 6 2 6 1 26
0 2400 64 1 12 4 26 2 11 1 9 2 6
0 2409 62 1 2 1 16
0 2428 38 1 3 2 56 1 40
0 2444 13 1 3 1 44 1 11
0 2457 18 1 57 1 118
0 2467 42 1 13 1 200
0 2468 10 2 21
0 2494 7
0 2496 30
0 2498 8 2 55 1 4
0 2512 9 1 1 1 9 1 13
0 2521 35 1 4 1 24
0 2530 2
0 2565 25 1 26 1 21
0 2597 20 1 5 1 14 2 16 1 30
0 2603 22 1 10 1 23 2 2
0 2604 103 1 105 3 165 1 13 3 19 3 32 1 20 1 13 1 6
0 2618 2 3 38 1 10
0 2623 6 1 174 1 4
0 2660 2
0 2690 39 1 7 1 80
0 2695 33 1 21 1 88 1 21 2 25 2 30 2 60 1 2
0 2697 23 1 119 3 89 1 39 1 4 1 48 1 46 4 160
0 2711 12 1 4
0 2717 44
0 2720 20 2 7
0 2731 5 2 101
0 2748 189
0 2771 36 5 5 2 17
0 2772 27
0 2788 15 1 109
0 2796 45 2 16 1 6 1 21
0 2809 10 1 24 1 34 2 53
0 2811 33 2 62
0 2812 9 1 37
0 2863 35 1 6 1 10
0 2868 1 1 30
0 2871 41
0 2877 43 1 29 2 2 3 7 1 29 1 33 1 24
0 2882 6 4 8
0 2885 1 1 8 1 63
0 2890 53 1 35 1 72 1 69 2 17
0 2892 16
0 2905 1 1 15 1 29
0 2909 12 3 24 2 9 2 3 2 59 1 9 1 21 1 54 1 56 1 44 1 6
0 2910 8 1 15
0 2935 6 1 49
0 2989 40 1 94 1 29
0 2991 25 2 23 1 17 1 82 1 10
0 3007 28 1 27
0 3010 5 2 34
0 3026 34 1 5 1 9
0 3029 39
0 3041 23 1 14 1 34
0 3042 16 1 31 1 8 1 58
0 3066 16 2 42
0 3073 3 1 29 2 37 1 35 1 2 2 22 1 31 1 26 2 16 1 1
0 3082 17 1 6
0 3096 50 1 25
0 3102 7 2 58 1 8
0 3108 28 2 17 4 22 1 54 1 28 1 218 5 2 2 23 1 9 1 65 1 44 2 9 1 7 1 6
0 3119 59 1 18 1 24 1 28 1 35 3 4 2 8 2 24 1 4 1 87 2 6 2 65 4 31
0 3134 32 1 3
0 3135 7 1 17 1 28 1 182 1 52 2 39
0 3146 12
0 3153 21 3 85 2 10 1 18 1 1 1 24 2 68
0 3167 10 1 15 5 9 3 41 1 99
0 3175 2 1 19
0 3183 2
0 3186 82 1 33 2 1
0 3210 116 1 20
0 3234 144 4 68
0 3240 6 1 2 1 31 1 41 1 2
0 3242 84 1 8
0 3243 16 1 5
0 3268 28 1 4
0 3311 1 1 72 3 6 1 9
0 3313 1
0 3322 54 1 25
0 3323 56 3 9 1 81
0 3328 63
0 3340 48
0 3345 37 1 22 2 33 1 70 1 14 2 4 2 30
0 3379 18 1 1
0 3408 55 1 5 1 5
0 3449 5 1 6
0 3461 106 3 29 1 20 1 13
0 3468 4 1 26
0 3476 23 1 5 4 2 1 15 2 148 1 14 1 11 1 11 1 46 1 12
0 3489 18
0 3524 7 1 75
0 3535 6 1 25 2 8 1 83 1 74
0 3559 4 1 37 1 22 2 65 1 57 2 46
0 3610 7
0 3614 33
0 3615 72 1 88 2 93 2 57 1 146
0 3621 125 1 119 1 40 1 21 2 63 1 10
0 3622 49 1 18 1 12 1 35
0 3641 7 1 2
0 3646 6 1 55 4 7 3 43 3 9 2 6 2 8 1 3
0 3652 49 1 13
0 3654 6 1 58 1 18 1 44
0 3683 85 1 4 3 6 2 64 3 4 1 26 1 3
0 3689 7 1 10 2 9
0 3700 7 3 16 1 33 1 52 1 15 1 44 1 14 2 100 2 27
0 3709 54 5 53 2 7 1 13 1 24 2 20
0 3739 44 2 35 2 5
0 3743 18 1 33
0 3752 76
0 3759 50 1 56 1 30
0 3771 46 2 25 2 53
0 3777 33 1 3 2 30
0 3786 13 1 13
0 3811 30 1 16 1 16 1 21
0 3816 6 1 37 1 2 3 56 1 37 1 41 1 24 1 10
0 3817 17 1 18 2 16 1 5 1 38 4 6
0 3820 14 1 2 1 39 1 23 1 10 1 9 1 151 1 8 1 48 1 2
0 3826 78 1 6 1 130 1 33 3 50 5 22 1 7 1 4 1 77 1 23
0 3861 32 2 8 2 36
0 3867 31 2 13 1 5 6 15 1 5 4 22 1 9 2 1 3 22 1 6
0 3869 19 3 11 3 1 3 17 2 11 4 25 2 12 2 46 1 35
0 3875 5 1 29
0 3878 39 1 124 1 61 1 20 3 19 1 97 1 23 3 3 1 22
0 3889 16 3 4
0 3897 8 2 79 2 3 2 21
0 3927 23 2 77
0 3938 27 1 114 1 34 1 139 1 1 1 8
0 3942 30 1 54 1 40
0 3946 14 3 72 1 121 1 7
0 3951 58 1 18
0 3966 16 1 63
0 3977 70 1 54
0 3992 34 1 3
0 3996 30
0 4004 36 1 33
0 4007 6 1 19
0 4029 7 2 15 2 40 2 12
0 4033 1 1 59 1 3 3 46 2 30 1 52 3 5 1 4 2 5 1 46 4 118
0 4034 9 1 81 1 5 3 14 4 9 1 105
0 4039 75 1 17 1 37 3 81
0 4042 31 1 10 2 28 2 19
0 4062 91
0 4066 1 1 36 3 20 2 12 1 6 2 29 1 4
0 4069 63 1 56 3 3
0 4082 46 1 2
0 4091 53 1 53 2 70
0 4098 13 5 3
0 4102 24 2 3
0 4104 25 1 47 1 46 1 3 1 76
0 4105 37 3 7
0 4106 17 1 18
0 4114 102 1 17
0 4125 99 1 3
0 4126 2 1 52 1 33
0 4146 8
0 4183 5 1 10
0 4231 22
0 4233 10 2 8
0 4252 1 2 63 1 32 1 19 3 72 1 1
0 4260 26
0 4275 37
0 4283 27 2 9 1 12 2 28 2 60 1 44 3 26 3 8 2 13
0 4289 67 1 5 1 43
0 4312 44 1 20 1 18
0 4317 2 2 66
0 4321 17
0 4322 46 1 2
0 4330 8 1 4 1 148
0 4334 54
0 4343 12 2 90
0 4345 55
0 4360 11 1 21 1 5 1 1 2 15 1 5 2 24
0 4365 77
0 4373 35 2 32
0 4398 2 1 4 3 17
0 4406 31 1 31 1 5
0 4422 20 2 11
0 4437 13 4 10 2 15 1 14 2 9 1 2 2 15 1 21 1 34 1 1 2 7 2 47 3 5 3 10 1 7
0 4466 26 1 9 1 79
0 4470 62 1 4 2 10
0 4483 80 1 9 1 10
0 4507 1 1 5 1 22 1 24 2 95 1 11 5 14 1 14 2 18 1 6
0 4508 38
0 4512 27
0 4515 37 1 1 1 9 1 14
0 4519 25 1 44
0 4521 12 1 64 1 39 2 37 1 76 1 12 1 14
0 4555 16 1 48 3 31 1 27
0 4575 6 3 25
0 4584 12 2 34 1 73 1 87 1 81
0 4586 116 2 3 2 52
0 4595 12 1 48
0 4604 22 1 47
0 4624 17 4 12 2 56 2 12
0 4626 6
0 4628 9 2 32 1 15 3 56 1 8
0 4641 22 1 49 1 22
0 4655 92 1 32 3 7 1 41 1 17
0 4662 102 1 15 5 9 1 16
0 4667 4 1 44 1 54 1 10 1 61 2 30
0 4670 12 2 17
0 4682 42 2 34
0 4693 41 1 6 2 12 1 129 1 45 1 10 3 6
0 4727 70 1 24 1 17 1 57 4 10
0 4731 2 3 17
0 4744 7
0 4765 3
0 4776 40
0 4791 70 1 8 2 10
0 4795 2 1 15 1 67
0 4801 42 2 132
0 4813 22 1 8 1 10 4 70 2 31 2 23 2 5 1 22
0 4814 127 1 24 2 23
0 4816 21 2 4 4 100 1 25 1 68 1 140 1 15 1 15 3 16
0 4819 12
0 4835 99 1 45 1 4 1 39 1 62 1 79
0 4844 35 1 62 2 87
0 4845 5 5 39 1 64 1 14
0 4884 12 2 8
0 4901 24 1 47
0 4907 36 2 48 1 47 2 3
0 4924 19 2 97 3 22 2 20 1 17
0 4964 33 1 6 1 5
0 4967 1 3 2 2 59 1 69 1 45 2 82
0 4975 7 1 20 1 45 1 99
0 4984 59 1 31 2 66
0 4995 17
0 5000 2 2 100
0 5017 159 3 17
0 5019 96 1 22 1 54 1 86
0 5020 11 2 25
0 5025 116 3 54 1 19
0 5026 12 1 11
0 5032 45 1 3 3 29 1 3 1 35
0 5043 40 1 32 2 33 1 15 2 95 2 37 5 42 2 3 2 67
0 5084 60
0 5087 5 1 103 6 14 1 72 1 38 1 30 1 37
0 5088 59 1 14
0 5092 5 1 97 5 44 2 11
0 5096 66 1 13 1 18 4 25
0 5097 82 1 7
0 5098 13 1 9 2 12 3 43
0 5109 3 2 15 2 9
0 5128 75 1 8 3 23 1 37
0 5133 12
0 5138 4 1 31 1 22
0 5139 45 1 160 1 24
0 5144 29 2 15
0 5148 3 1 94
0 5149 41 1 25 4 17
0 5162 15 1 62
0 5166 20 2 39
0 5194 16 4 3
0 5214 6 2 12 2 15 1 1 1 76
0 5225 11 1 24 1 2
0 5232 6 1 86
0 5240 10
0 5242 58 1 89 1 25
0 5260 76 3 3
0 5276 6 2 41
0 5279 88
