0 0 16
0 4 6 1 41 1 142 1 2 3 1 1 87
0 6 1 3 27 1 33
0 16 10 2 1 1 34 1 7
0 25 139 3 34 1 100 1 61 1 12
0 54 97 1 26 1 11
0 56 15 1 27 2 22 2 20 1 3
0 65 28
0 70 20 3 16 1 34 1 19
0 81 2 2 39 1 3 1 58 1 7 2 108 3 8
0 86 5 3 1
0 90 16 1 53
0 92 21 2 11
0 93 16 1 15 1 33 2 10
0 100 21
0 143 10 3 76 1 29
0 145 67 1 3 1 10 1 54
0 157 7 1 34 2 17 1 3
0 178 21 1 57 1 74 2 21 1 73 1 6
0 217 35 2 41 2 24 1 21
0 222 8 1 18 2 52
0 223 4 2 18 1 23 2 7
0 225 3 1 2 2 56
0 227 5
0 230 21 3 73 1 3 3 25 1 6 2 14
0 232 24 2 3
0 234 12 1 44 2 6 1 136 3 67 1 137 3 11 2 7 1 5
0 242 6 1 34 2 133 1 9
0 243 15 2 11
0 246 36 1 15 1 60 3 121
0 257 6 4 31
0 310 3
0 318 29 1 6
0 324 23
0 326 30 3 89 1 33 1 62
0 330 5 1 76 2 21
0 332 32 2 36 1 4 2 1 1 3 1 11 1 22 1 74 1 39 1 17 2 18 1 54
0 346 4 1 20
0 347 11 1 34 1 33 1 63 2 18
0 348 13 1 8
0 362 33 1 20
0 371 32 1 3 1 21 2 26
0 393 12 1 57
0 404 16 2 27 1 65 1 7 2 28
0 410 2 3 5 1 45
0 429 44 4 7 1 27
0 444 12 1 58
0 452 47 1 90 1 12 1 16 1 63 2 28 1 60 2 81 1 3 1 2 1 28 1 12
0 453 37 2 1 3 5 1 43 2 17 3 55
0 455 88 1 37 1 32 3 1 2 21 2 12 3 22 2 78 3 76 1 55 1 4 1 10 2 60
0 456 6
0 464 55 1 31 1 7 2 70 1 22 1 3 1 20 1 19
0 469 71 3 38 2 3 1 26
0 473 2 3 28 2 44 1 13 1 7
0 485 33 3 10 2 62
0 495 5 1 7 1 8 2 41 1 5 1 126
0 506 14 1 24 3 88
0 512 6 2 2 1 9 1 18 2 10 2 14
0 516 8 2 36 1 2 1 15 2 14 1 2 1 1 1 19
0 538 20 1 10 2 6
0 563 6 2 59 1 8 2 39 2 3
0 567 15 1 12
0 584 9 1 36 1 26 1 71 1 60 3 36 1 4
0 586 6 1 20 1 7
0 587 75 1 29
0 598 11
0 604 8 2 33 1 66 1 22 1 25 1 80
0 633 39
0 641 13 1 146 3 36 1 26
0 644 28 2 14 1 7 1 14 1 25 2 75 1 84
0 655 35 1 1 1 2
0 673 126 1 38 1 4 2 19
0 676 10 2 13 1 3 1 8
0 677 18 1 20
0 706 4
0 711 76 1 25 1 4
0 729 7 1 50
0 748 33 2 29 4 17
0 755 32 2 20 1 27 3 75 1 59
0 759 62 3 35 1 43
0 760 63 3 16
0 761 4 1 47
0 767 5
0 768 1 1 39 1 31
0 782 81 1 57
0 783 5 1 14
0 793 55 2 41 1 8 1 23 2 14
0 817 40
0 819 35 1 35 1 33
0 820 9 1 77
0 823 15 1 10 1 2 2 16
0 851 20 1 43
0 860 17
0 874 40 3 89 1 28
0 879 101
0 892 2
0 899 15 1 1 1 55 1 37 1 15
0 914 87
0 918 54
0 923 1 1 15 1 14
0 938 5 3 2 2 33 1 70
0 940 11 1 15
0 955 16 2 25 2 115 1 18 2 17 2 29
0 958 10 1 1
0 975 16 1 12 1 3
0 985 8
0 1009 14
0 1012 5 2 69 2 62
0 1013 14
0 1023 3 1 1 1 36 3 29
0 1049 62 1 21
0 1056 62
0 1076 3 2 1 1 26 1 1
0 1078 7 2 6
0 1080 39 1 15
0 1092 4
0 1109 3 1 1 1 9
0 1115 25
0 1131 13 1 4
0 1142 29 2 30
0 1152 13 1 20
0 1164 22 2 68 2 32 1 28 1 45 1 3 1 74 1 35 1 8 1 31 1 9 2 22
0 1169 39 1 47
0 1180 14
0 1215 31 2 48 1 3
0 1229 2 1 5 7 7 2 46
0 1234 41 1 4 1 66 3 9 1 20
0 1278 35 2 15 1 40 3 25
0 1294 21 1 3 1 3 1 1 1 14 1 5 1 2 1 23 3 71 1 18
0 1298 2 3 1
0 1300 20
0 1306 6 6 15 1 60
0 1321 7 1 51 2 19 1 21 2 51
0 1334 99 2 22
0 1335 17 3 23 2 36
0 1348 34 1 19 1 3 3 15
0 1354 31 2 9 1 12 1 15 1 1 4 12
0 1363 8 2 13
0 1366 56
0 1368 34
0 1384 73 1 4 2 46 1 6
0 1397 29 1 3 3 11 2 37 2 18 1 81 1 16
0 1398 50 1 9
0 1404 4 1 103
0 1428 31 2 22 1 69
0 1445 18
0 1478 8 1 3 1 16 3 21 1 25 2 25 2 27 1 4
0 1493 2 2 65
0 1502 70 1 15 1 72 5 14
0 1504 6
0 1506 42
0 1511 39 5 6 1 10 1 45
0 1538 31 1 13 1 11 2 41
0 1554 24 1 3
0 1589 131 1 28
0 1591 5
0 1617 24 1 21 2 8 1 26 1 55
0 1636 100 1 12 1 39
0 1639 27 1 12
0 1662 9 6 28 1 28 4 14 1 31 1 94 1 69
0 1685 8
0 1689 68 8 19 2 51
0 1695 18 1 48
0 1719 6 1 21 1 150
0 1720 21 4 2 3 19
0 1721 2 2 22 1 33 1 5 1 29 1 56
0 1742 90 4 14
0 1755 17 1 33
0 1776 33 2 2 2 12 1 14 1 72 1 57 1 8
0 1787 30 3 4
0 1793 35 1 7
0 1794 100
0 1797 12
0 1799 16 2 13
0 1802 23 1 1 2 84 1 16 3 36 3 15 1 35 1 42
0 1807 13 2 47 3 69 1 17
0 1816 54
0 1832 17 3 27
0 1845 18 5 32
0 1865 6
0 1866 89 1 50 1 18 1 56 1 1
0 1876 15 1 6
0 1884 124
0 1896 47 1 3 5 39
0 1898 4 1 82 1 54 1 40 1 10 3 11 2 108 1 36 1 2
0 1901 31 2 22 4 16 1 54
0 1906 8 3 48 4 12 1 81 1 27 1 99 1 21 1 70 2 3 1 10
0 1907 20 1 20
0 1912 61 3 79
0 1930 33 1 35
0 1942 30 3 10 2 14 1 1 1 14
0 1957 81 1 12
0 1963 2 1 33 1 16
0 1964 4
0 1966 23 1 16 2 20 2 27 2 10 1 59 1 116
0 1977 10
0 1981 13 1 37 5 39
0 1982 11 3 2 1 5 2 46
0 1992 21 4 4 2 92 3 7
0 2001 2 1 5 1 24 2 1
0 2003 56
0 2008 94
0 2015 42 1 8
0 2018 17
0 2024 14 1 17 1 71 1 23 3 10 1 53
0 2031 24 1 30
0 2043 21 1 9 1 59 2 36
0 2045 5 2 58 1 6 1 20 1 10 1 16 1 18 2 5 1 20 1 31 2 8 1 17
0 2046 4 2 16 1 18
0 2052 33 2 12 1 62
0 2068 24 1 92 2 52 3 12 2 77 3 95
0 2072 12 2 49
0 2074 9 2 5
0 2086 31 1 16
0 2098 5 1 37
0 2109 107 1 1
0 2112 5 3 8 1 28 1 39 2 19 1 105
0 2120 56 1 3 1 21 1 49 2 68 2 81
0 2146 38 2 9
0 2163 19 2 83 1 6 2 29 1 2 1 63
0 2169 43 3 12
0 2174 3
0 2178 1 2 167 1 78
0 2188 25 1 9 1 23 1 16
0 2203 11
0 2212 17 3 22
0 2214 21
0 2231 27 1 26
0 2244 1 1 143
0 2264 4
0 2267 27 1 32 2 25 3 26 1 22
0 2272 78 1 28
0 2274 45 1 6 2 69 4 76 1 14 1 2 1 12 1 32
0 2285 58 1 10 3 54
0 2298 45
0 2336 8 1 17
0 2347 10 2 52
0 2351 83 1 21 2 4
0 2354 66
0 2372 20
0 2381 6 1 35 1 5 1 13
0 2418 46 2 1
0 2440 48 2 40 1 54 1 34
0 2475 5 2 52
0 2478 6 3 9 3 79 1 6 1 6 1 17
0 2486 11 1 28
0 2502 49 1 78
0 2505 15 1 9
0 2532 36 1 30
0 2545 4 2 2
0 2556 13 5 232 1 24 1 28
0 2571 6 1 25 1 1
0 2584 23 1 12 1 20
0 2592 18 1 11 2 55 1 14 1 13 4 3 1 13 1 29 1 55 1 9 1 42 1 53
0 2601 26 1 15 1 8
0 2605 6 1 86
0 2630 27 3 9 2 6
0 2662 5
0 2681 10 1 16 1 61 1 25 1 8 1 41 4 4 1 13 1 101 1 21
0 2683 15 1 2 3 3 1 13 7 16 1 21 1 20 3 47 1 52
0 2688 14 1 48 2 72 1 19 1 42 2 51
0 2705 4 2 34 1 15 2 66 1 33 2 27
0 2711 24 1 48
0 2720 50 1 82 1 49 1 5
0 2737 30 1 20
0 2738 37 1 9 2 34 2 1
0 2747 2 1 40
0 2748 37 1 33 3 17
0 2751 2 2 56 1 11
0 2752 3 1 82 2 26
0 2758 122 1 21 3 4 3 16 1 59 3 12 2 35 1 7 1 11
0 2771 62 1 28
0 2772 40 1 15 2 31 1 21 2 39
0 2786 88 4 15
0 2792 10 1 1 1 21
0 2805 8 1 23 2 19
0 2815 3 2 10 1 13 1 89
0 2843 14 2 56
0 2849 55 2 2 3 2
0 2865 2 5 38
0 2873 26 3 31
0 2874 9
0 2879 9 3 11 1 3 1 11 1 25
0 2900 95 3 4
0 2902 19
0 2906 18 7 82 1 24
0 2909 1 1 73
0 2927 25 1 46 1 110 1 7 2 42 1 13 2 83
0 2928 10 1 51 2 18 1 58
0 2948 16 2 1 1 27 1 24 1 38 3 11 1 5
0 2960 26 1 19 1 23 1 23 4 14 1 26
0 2966 17 1 6
0 2973 45 2 7 1 36 1 34
0 2975 34 1 141 1 6 1 27
0 2983 11
0 2998 30
0 2999 31
0 3013 1 1 41 1 23 1 32 2 65 1 13 2 13
0 3031 3 1 47
0 3076 75 3 2 3 14 3 12
0 3084 121 1 32
0 3118 10 2 7 1 10 1 20
0 3126 18 1 22
0 3149 45 2 38 3 19
0 3166 64
0 3180 66
0 3196 22
0 3206 15 3 7 2 23
0 3207 21
0 3214 7 2 27
0 3226 13 1 72 3 23 1 39 1 42
0 3229 5 3 6 1 20 1 30
0 3231 11 2 4 1 16 2 33 1 6 1 38 4 53 1 36
0 3236 12 2 24
0 3240 20 1 27 1 3
0 3241 3 1 36 1 73 1 113 1 7 1 28
0 3253 31
0 3259 40 2 65 1 80
0 3266 28
0 3272 2 1 11 1 20 1 13
0 3280 7 1 8 2 12
0 3281 8 1 1 1 2
0 3297 11 1 1 1 26 1 45 2 45 1 17
0 3307 9 1 4 1 15 2 38 1 15 1 15
0 3311 62 1 124 1 46 2 51 1 4 1 29 6 30
0 3319 67
0 3325 3 2 21 1 15
0 3328 26 1 25 4 2 1 22
0 3332 10 2 9 1 1 1 9
0 3339 17
0 3341 18 2 119 1 2 1 80
0 3353 17 1 14
0 3357 44 1 72
0 3364 21 3 17 1 25
0 3365 65 2 12 5 1
0 3378 41 3 13 1 22
0 3398 27 1 54 1 44 1 3 1 15 2 19
0 3407 28
0 3410 37 2 25 1 32
0 3412 3 1 2
0 3423 3 3 8 1 2
0 3462 14
0 3465 16
0 3475 30
0 3477 26
0 3480 16 1 14 1 31 2 18 1 25
0 3485 58
0 3487 3 1 24
0 3515 23 1 21
0 3528 15 2 109 3 8
0 3529 134 1 43 1 9
0 3533 10 1 39 1 11 3 17
0 3541 70
0 3550 29 1 7 1 30
0 3552 29 1 13 1 81
0 3568 4 4 7
0 3571 47
0 3572 10 2 14 2 89 1 13
0 3577 6 2 25
0 3579 22 1 25
0 3596 3 1 4 2 7 3 1
0 3623 3 1 3
0 3646 28 1 62 1 9 1 2
0 3652 24 2 147 1 59 1 21 1 46 1 44 1 9
0 3711 11 3 70 1 3
0 3745 20 1 32 1 13 1 1 1 34
0 3748 13 2 29 1 41 2 3 1 17 1 11 1 27 3 56 1 2 3 19 2 4
0 3751 2 1 7 1 6 1 35
0 3771 21 1 38 2 53 2 2 2 12 1 7 1 53
0 3782 17 1 13 2 27
0 3794 8
0 3797 31 1 77 2 18
0 3815 2
0 3849 11 1 27 1 27
0 3882 106 2 81
0 3884 12 1 26 1 13
0 3887 29 1 23 1 33 1 48 1 10
0 3898 10 1 33 3 34 1 14 1 14 1 26
0 3902 47 1 6 1 12 1 25 3 3
0 3904 17
0 3906 1
0 3907 39 1 19 2 104 1 43
0 3909 14 1 23
0 3934 4
0 3941 30 2 50
0 3948 28
0 3954 24 1 15
0 3968 61 3 29
0 3977 94 4 78
0 3982 6 2 3
0 4018 15 1 84
0 4020 11 1 13 1 15 2 10 2 12
0 4029 4 1 2 1 43
0 4045 1 4 102 1 2 1 9
0 4049 30
0 4059 64 3 33 1 1
0 4065 5 1 35 1 8 2 123 1 11 5 2 1 95 1 84 2 39
0 4068 32 1 18 2 93 1 2 1 42 1 11 1 16
0 4081 154 3 14 3 14 2 42 1 22
0 4087 5 1 30
0 4121 3 1 7 1 5 1 27 2 15 2 94 4 20
0 4123 6 2 14 2 64 1 61 1 8
0 4161 17 1 13 1 2
0 4165 4 2 10
0 4195 26 1 33 3 30 1 2 1 9 1 1
0 4198 132 1 19
0 4199 48 2 16 2 13 2 19 2 13 2 18
0 4200 5 2 20
0 4201 11 4 16 1 38
0 4206 1 1 5
0 4213 3
0 4230 6 2 11 1 26 1 70 3 2 2 7 2 43 2 211 1 2 1 36 1 2 1 4 1 97 1 13 2 27 1 4 1 3
0 4231 6 1 29 1 9 2 65 1 50 1 2 4 3
0 4234 28 2 24 1 11 1 89 1 20
0 4247 12
0 4258 22 1 36 1 13 1 55 1 11 2 29
0 4268 49 1 64
0 4269 10 1 20 1 1 3 65 1 5 1 47
0 4271 1
0 4283 22
0 4303 35 1 52 1 19 1 31 1 19 2 2
0 4305 3 1 7
0 4307 27 1 90 3 45 3 2
0 4328 56 1 42
0 4329 45 2 18
0 4348 80 2 15 1 104 1 26
0 4356 40 1 49
0 4358 45 2 30 1 38
0 4364 63 2 110 1 13 1 11 1 43
0 4382 55 2 27 1 58 2 36 2 46
0 4393 28
0 4401 45
0 4407 3 2 47
0 4409 40 3 7 4 24 2 4
0 4447 57 2 8
0 4451 24 2 20 1 50
0 4458 2 1 36
0 4463 15 3 33
0 4469 3
0 4479 10 2 52 1 17 3 25 1 28 2 53 1 136 1 21
0 4483 39 3 6 2 6 1 17 2 9 3 16 1 6 1 5
0 4503 41 1 40 2 16 2 18
0 4511 30
0 4530 72 1 3
0 4531 22
0 4534 8 1 29 2 14
0 4551 11 2 2 2 3 1 140 1 61 1 123
0 4552 1 3 71 2 21
0 4570 89 3 35
0 4573 31 1 10
0 4591 2 1 38 2 19 4 62 1 28 2 7 2 8 3 48 1 8
0 4597 67 1 75
0 4615 3 2 11
0 4618 17 1 50
0 4635 9 1 11 2 46
0 4644 77
0 4661 15 1 59
0 4668 4 3 2 1 22 1 40 5 44 3 9 2 11
0 4680 9 1 31 2 27 1 6 1 6 1 10 2 66 1 3
0 4682 11 1 119 2 138 2 15 6 44
0 4683 86 1 6
0 4698 23 1 56 1 34 1 36 2 35 1 20 4 12 1 14 1 13
0 4716 10
0 4718 74 1 34 1 15
0 4727 24 4 101 1 41
0 4734 28 1 9 1 106
0 4737 3 1 37 1 7 1 8 1 55 1 9 1 6 1 14 3 80 1 2 1 43 1 28 1 125 3 34
0 4757 7 2 20
0 4774 32 1 11 2 6 2 75 2 30
0 4792 44 1 3 1 19
0 4798 23
0 4800 88
0 4824 59 1 34
0 4842 51 1 29
0 4883 12 1 52 4 46 1 4 2 123 1 70 3 5 1 8 1 3 1 17 1 103 1 7 1 8 2 8
0 4884 10 1 17 1 7 2 54 1 16 2 85
0 4896 15 4 79 1 95 2 43
0 4926 16 1 19 3 37 1 9 1 22
0 4956 9 1 10 1 35
0 4978 6 1 18 1 1
0 4990 11 1 18
0 5006 37 3 4 1 5 2 8 1 12 1 7 2 8 1 65 2 26 3 25 5 1 1 18
0 5007 32
0 5016 65
0 5018 100
0 5028 16 1 4 2 42 3 15 2 35 2 20 1 29 3 33 1 10
0 5043 74 1 9
0 5048 4 2 25 1 9 1 7 4 84
0 5074 31 2 24 2 14 1 7 1 35
0 5075 5 1 6
0 5078 10 1 44
0 5082 15 1 28 2 47 4 23 1 22
0 5090 61 1 30 1 10
0 5101 4 1 33 1 90 1 85
0 5126 9 1 31 5 41 4 6
0 5130 26 1 23
0 5136 52 1 14 5 71 1 17
0 5144 24
0 5146 41 1 5 1 42 1 5 2 2
0 5163 2 12 49 1 47 1 20
