0 0 9 2 11 1 11 1 15
0 3 18 2 7 4 11 1 3 2 1 2 5 2 24 1 3 1 41 1 8 1 7
0 5 12 2 13 1 62 2 2 1 20 1 6 1 5 2 1
0 38 14 2 13 1 2 1 4 1 4
0 39 6
0 55 4 1 16 2 1 1 6 1 14 1 12 1 2
0 59 5 3 22 1 1 1 13 1 1 2 2 1 2 4 2 1 34 1 20 1 11 1 2 3 4 2 37 1 11 1 3 1 9 1 40
0 76 19 2 2 1 3 1 7 1 19 3 4 1 13 1 1 2 1 5 11 2 11 1 8 1 19
0 85 4 1 24 1 4 4 6
0 96 16 3 28 1 13 1 11 1 8
0 101 6 1 5 3 25 2 12 2 12 2 5 2 28 1 9 3 4 1 1 1 1 1 10 2 1 1 11 1 12 1 8 1 4 2 5
0 111 1 4 2 2 35 1 2 2 11 1 1 5 2 2 21 2 3 1 10 2 4 1 4 2 11 1 3 1 7 1 20 2 14
0 127 11 2 58 5 1 1 19 1 45 2 4 1 7 2 20 1 13
0 140 12 2 4 1 12 1 6 2 9 5 1 1 9 2 5 1 6 1 25 1 2 1 2 1 61 1 14 1 19
0 143 21 1 17 2 1 1 6 1 8 1 21 1 1 1 6
0 151 6 2 17 2 3 1 2 6 8 2 5 2 10 2 1 1 24 3 10 2 14 1 12 5 13 1 3 1 3 1 3
0 160 3 1 2 1 11 1 2 2 8 3 3 1 1 2 4 1 31 2 2 1 17 1 25 1 28 5 1
0 165 1 2 18 1 7
0 190 5 2 4 2 6 1 17 1 12 3 6 1 12 1 1 1 20 1 33 1 11 1 18 3 4 2 4 1 24 1 1 1 5
0 197 9 1 5 2 3
0 211 9 1 50 1 1 1 2
0 270 2 1 29 3 3 1 8 5 2 1 11 4 20 1 7 2 17 1 14 1 4
0 297 16 4 2 1 2 1 2
0 315 11
0 317 6 1 12 1 4 2 8 1 2 1 14
0 320 5 1 1 4 6 2 33 1 11 1 8 5 4 1 1 4 8 2 15 1 19 3 7 1 1 3 11 1 17 2 16 1 4 2 2 1 4 1 11 1 25 2 3 4 9 1 25 1 3 1 28 1 9 2 1 1 2 1 11 2 14 1 7 1 17
0 326 6
0 369 2 1 3 1 7 2 1 1 1
0 396 3 2 13 2 1 1 9 2 10 1 10 1 7 3 36 3 7 1 16 3 4 1 31 1 28 1 4 1 14 1 5
0 407 4 4 3
0 423 9 1 5
0 427 14 4 21 1 15 1 3 2 10 1 5 2 3 3 10 1 6 2 15
0 437 21 1 6 1 2
0 461 2 2 10 3 5 1 6
0 482 11 1 12 1 11 1 15
0 512 8 1 5 1 28 1 31 1 8 2 13 2 6 1 63 2 6 2 10 2 22 2 20 3 3
0 520 16 2 7 1 5 1 5 2 28 4 3 1 5 3 8 2 12 1 8 1 5 3 2 1 10 1 26 1 46 2 1 2 14 3 26 1 18 2 3 1 12 2 6 6 13 1 2 2 7
0 526 37 2 4 1 7 1 15 1 4 1 16 1 8 1 1 1 7 1 10 1 18 2 19
0 533 1 2 25 1 3 1 18 1 8 2 2 4 3 1 1 2 10 3 3 1 2 1 3 2 7 1 27 1 12 1 7 1 10 2 5 1 20 1 8 5 10 1 4 1 1 1 20 1 8 1 2 1 12 2 3
0 568 6 1 30 1 5 1 7 1 20 4 4 1 41 1 10 1 8 1 10 1 3 1 13
0 586 8 1 4 1 12 1 5 2 3 1 1 1 5 1 1 2 14 4 8 1 2 2 3 1 20 1 9 4 16 1 15 1 5 1 11 2 3 1 13 2 2 1 9 1 5 5 1 2 12 1 16 7 3 1 5 2 3 1 4 3 2 4 34 1 2 1 5 1 9
0 592 3 2 17 1 3 2 12 2 5 3 9 2 1 3 4 2 14 2 18 1 2 1 33
0 622 8 1 15 1 1 1 3 3 2 1 12 1 24 1 1 1 5 2 19
0 647 1 1 19 1 6 1 3
0 649 7
0 676 2 1 19 1 10 7 6
0 677 3 2 13 1 4 1 8 2 7 1 33 2 3 3 15 3 4 1 17
0 707 2 1 35 1 2 1 2 2 2 2 3 1 3 3 23
0 714 13 1 17 1 51 2 8 5 12 1 21
0 721 4 2 3
