0 0 4 1 5
0 5 2 2 5 1 3 3 1
0 7 11 1 1
0 13 1 1 2
0 26 4 1 17 1 6
0 30 5 1 6 3 13 1 5 3 16 1 18 1 23 1 12
0 32 8 5 2 2 1
0 59 7 2 12 1 1 1 3 2 7 1 9 1 9 3 29 1 12 1 5
0 76 12 1 4 1 9 1 19 1 7 1 3 1 4 4 14 1 12 1 3
0 89 17 2 7 2 7 1 13 2 10 2 2 1 1 3 1 2 4 4 7 1 8 1 6 1 11
0 93 7 1 20
0 94 4 1 11 2 1 1 38 3 8 1 7
0 106 10 3 2 1 21 3 3 1 2 1 3 5 5 1 6 2 4
0 114 22 1 19
0 132 18 3 6 1 15
0 140 4 2 3 3 1
0 154 2 1 10 1 20 2 6 4 1 1 10 1 20 1 1
0 163 41 1 1 1 2
0 175 2 2 1 1 36 1 15 1 18
0 179 6 1 3 1 6 2 3 2 1 1 9 2 1 2 3 1 13 4 2 1 2 2 2 1 6 1 1 1 1 1 26
0 198 1 1 3 1 1 1 5 1 9 1 2 1 18 1 1 1 14 1 3
0 233 5 2 4
0 242 1 1 6 1 22 5 3 1 29
0 253 20 1 28 1 1 1 3
0 262 15 1 45 1 1 1 7 1 1
0 278 17 1 17 2 8 3 10
0 281 6 1 11 1 22 3 2 1 4 1 5 1 12 1 20 2 1 2 8 2 11 1 6 2 8 1 2 1 49 1 9
0 283 1 1 13
0 294 1 1 19 4 1
0 305 4 1 9 1 7 1 4 1 9 1 3 2 2 1 15 1 6 2 23 1 8 2 1 1 9
0 314 11 2 13 3 4 1 6 2 4 1 6 5 4 1 24 1 4 1 12 1 16 1 13 1 7 1 10 1 5 3 16 3 48
0 321 15 1 13 1 17
0 325 11 1 39 2 14 1 7 1 5 3 13 2 1
0 332 5 1 6 1 13
0 343 1 1 8 2 3
0 348 28 1 23 3 1 1 13
0 349 17 1 2 1 30 3 2 2 13
0 379 37 2 9 1 6 1 5 1 11 1 19 1 3 2 1 1 17 3 1
0 381 19 1 5 2 3 4 12 1 8 2 2 1 7 6 3 2 15 2 9 4 4 3 1
0 402 21 1 6 1 2 2 3 2 14 1 7 1 5
0 440 12 1 10 1 19 1 1 1 11 1 1 2 15 1 5 1 37 3 1 6 1 1 3 1 13 1 15 1 6 3 28
0 449 2 1 22 1 13 1 1 2 15 2 7 3 4 1 3 1 47 1 4 1 13 1 22 1 23 2 12 1 17 2 44 1 4 1 23 1 5 1 4 1 8 1 1
0 466 6 1 10 1 1 3 9 3 4
0 487 12 1 7
0 528 7 1 2 2 4 1 9 4 22
0 547 10 2 4 2 1 2 5 2 7 1 19 1 8 2 7 1 1
0 552 4 2 3 1 1 1 1 1 16 1 1 2 7
0 570 12 1 33 1 5 2 19 1 47 1 16 1 3 2 19
0 586 1 1 3 1 13 2 15 2 2 1 16 1 2 1 5 1 2 1 6 1 9 5 12 1 4 1 5 1 17 3 13 1 2 1 2 1 25
0 592 3 3 12 4 19 1 50 5 1 1 4 1 5
