0 0 5 1 24
0 5 1 1 1 1 19 1 2 1 8 1 7 3 4 1 1 3 1 1 5
0 6 18 1 5 3 11 1 2 2 3 1 3
0 25 12 1 8 1 41 1 14 1 5 3 21
0 65 6 1 6 3 18 1 22 1 17
0 76 1 4 10 1 18 4 17 2 2
0 85 1 1 22 1 11
0 89 14 2 19 1 13 1 17 2 14 1 12 1 8 1 13 1 1 1 6 1 8 1 19 2 7
0 90 2 1 1 5 1 3 3 1 27 1 9 2 2
0 123 2 1 6 1 19 1 5 1 9 1 3 1 10 2 17
0 135 1
0 146 26 1 6 1 3
0 164 4 1 2 2 39 1 17
0 165 23 3 10 3 25 1 6 2 4 1 8 2 33 2 4
0 174 24 1 15 1 2
0 179 4 1 15 1 3 1 19 2 8 2 8 1 2 1 12
0 188 2 2 16
0 209 5 1 1 1 8 1 5 2 4
0 217 18 1 29 2 3 2 1
0 222 8 1 1 2 13 1 1 1 12 3 2 1 6 1 1 1 14 1 18
0 238 24 2 5
0 243 8 1 8 1 24 2 9 2 6 1 9 3 4 3 1 2 28
0 268 4 2 7 1 13 1 22 1 29
0 273 18 1 8 2 6 1 34
0 279 6 1 8 1 8 1 4 1 3 1 4 3 1 1 5 1 4 3 6 2 10 1 7 1 12
0 287 14 1 1 1 11 1 6 3 16 2 5 1 2 2 4 1 2 1 3 2 4 1 7 1 12
0 306 14 2 13 3 2 2 6 2 8 1 10 1 4 2 5
0 318 17 1 6 3 5
0 342 13 1 1 2 3 1 7 1 2
0 343 4 1 17 1 5 1 2 1 3 1 8 1 10 1 2 1 1 1 47
0 345 20 1 3 1 6 3 12 1 4
0 349 6 1 2 1 4 2 1 1 4 2 13 1 1
0 355 12 1 3 1 10 1 18 2 22
0 376 16 1 5 2 4 1 3
0 395 2 1 19 1 1 1 41 3 9 1 2 1 24
0 409 19 1 19 1 5 1 29
0 432 32 1 21 1 11 1 23 1 11 2 7 3 12
0 443 7 2 5 2 6 1 20 2 22 3 4 1 7 3 6 1 4 2 12 2 2 1 17 1 1 2 3
0 446 3 1 28 2 11 1 32 1 4 3 17 1 17 2 18
0 460 9 3 15
0 493 1 1 1 1 3 1 6 2 6 1 1 2 9 2 62
0 521 11 1 22 3 20 1 19
0 539 22 2 1 1 6 1 10 1 29 2 3 1 12 1 15 2 22 4 4 2 5 1 3 3 4
0 544 9
0 546 10 1 6 1 15 1 1 2 32 1 1 1 19 2 22 8 9 2 5 4 6 1 16 1 1
0 561 5 1 18 1 7 2 2
0 566 10 1 1 1 3
0 568 20 2 1 2 4 1 17 3 10 1 1 1 3 1 2 1 2 1 24 2 12 2 10 1 8 1 3 4 1 1 15
0 578 8 3 21 2 34 1 7 1 1 2 5 4 6 2 8 1 13 1 12 2 6 1 3
0 598 11 1 11 1 10 1 14 1 5 1 2 3 2 1 6 1 20 1 9
