0 0 2 1 15 2 15 4 15 4 18 1 3 4 18 2 2 1 35 2 2 1 8 2 5 4 3 1 5 1 3 3 1
0 39 13 6 34 1 10 1 17 2 1 1 31 1 7 2 5 1 3
0 47 2 1 6 1 5 1 16 1 8 1 1 1 35 1 2 2 10 1 19
0 48 21 3 1 3 14 1 50
0 55 2 3 6 2 7 1 22 3 1 1 5 1 3 2 4 1 8 1 12 1 24 2 5 1 18
0 58 18 1 7 1 11 1 5 1 26 1 2 1 6 2 8
0 61 1 2 2
0 67 19 2 7 1 4 2 5 1 11 1 19 3 5 1 12 1 29 2 5
0 93 6 2 7 1 17 5 3 4 4 1 3 1 7 1 7 2 7 3 20 3 41 1 7 2 17 1 1 2 9
0 110 6 1 34 2 5
0 142 10 1 2 3 11
0 144 4 1 2 1 6
0 149 6 1 3
0 175 10 2 2 1 17 1 3
0 190 13 2 1 1 13 1 5 1 5 1 14
0 234 6 1 27 2 13 1 9 2 13
0 246 9 3 1 1 26 2 16
0 261 3 3 2 1 11 2 3 1 4 1 2 2 2
0 287 3 1 7 1 16 2 7 1 5 2 6 1 7 1 15 4 26 1 1 1 4 3 2
0 304 13 2 4 2 3 1 2
0 335 3 1 13
0 362 16 1 3 2 7 1 2 2 21 1 41 1 6 2 24 1 11 3 2 2 39 2 10
0 369 3 1 2 1 5 2 4 1 35
0 371 9 1 12 1 11 1 17 1 13 2 15
0 392 1
0 414 7 1 5 2 9 3 1 1 6 3 3 1 9 5 1 1 4 3 5 1 10 1 1 2 4 1 36 1 19 1 4 1 19 1 2 1 15 2 4 1 7 1 28 1 1 2 35 1 6
0 417 8 2 21 1 3
0 426 7 1 9 1 2 3 7 1 24 1 2 1 3
0 429 5 1 7 2 2
0 453 29 2 1 2 8 1 10 1 6 2 4 2 6 1 3
0 460 2 1 24
0 462 4 1 8 1 5 1 28 1 46
0 464 1 1 2 1 6 1 8 1 9
0 477 4 1 1 1 6 1 4 2 6 2 6 1 15 1 9 1 2 1 21 1 2 1 31 1 12 1 9 1 2 2 26 1 19 3 6 1 10 1 11 1 6 1 5 1 12 2 2 1 1 1 3
0 485 12 1 6 2 1 2 1 1 3
0 512 1 2 2 3 1
0 531 3 2 30 1 11 2 2 1 7 3 1 1 5 3 15 1 2
0 532 13
0 534 6 2 18 2 12
0 546 1 1 5 1 1 1 7 2 7 3 4 2 23
0 584 4
0 602 2 1 10 1 29 2 1 2 12 3 16
0 610 18 1 28 1 17 1 15
0 614 1 1 13 3 1 2 6
0 625 4
0 640 2 1 6 3 21
0 641 24 1 2
0 658 10 1 6 1 3 1 2 2 6 1 27 1 5 3 2 2 6 2 11 1 17
0 662 4
0 678 10 1 3
