0 0 15
0 7 22 1 5 2 29 1 6 1 1 1 5 4 1 1 4
0 15 1 1 3 1 12 1 19 2 35
0 62 3 1 9
0 73 6 1 3 1 4 1 4 2 1 1 19 1 2 1 24 1 23 1 1 1 4 1 11
0 76 17 2 6 4 4 2 22 2 2 1 32 1 9 1 9 1 5 1 9
0 115 10 2 23 1 7 4 14 1 15 1 10 1 11 1 13 1 1 1 1
0 120 6 1 7
0 152 7 1 14
0 162 12 1 4 1 2 1 2
0 170 14 4 45 1 2 2 11 2 3 1 8
0 191 3 1 7
0 214 2 1 7
0 225 11 1 6 2 2 2 9 1 6 1 18 1 3 2 6 1 7 1 40 4 7
0 238 6 1 7 1 10
0 251 24 2 27 3 2
0 280 25 1 5 1 7 1 4
0 284 2 3 31 2 4
0 300 9 1 2 1 18 2 1 1 3 1 13
0 305 2
0 307 10 1 8 1 37 1 12 2 5 1 31 2 1 1 2
0 308 4 1 5 1 33
0 314 2 1 26 2 27 1 20 2 4 1 28 1 12
0 325 12 1 9 2 22
0 328 4 1 15 1 1 1 16 1 6 1 4 1 22 3 5 1 10 1 6 1 10 1 3 3 29 1 10
0 379 1 2 5 1 3 1 4 4 1
0 380 23 1 5
0 389 25
0 416 25 1 27 1 1 2 9 3 11 1 14 1 19 1 24 1 16 2 1 3 31
0 446 25 1 3
0 450 4 1 7 3 13
0 487 22 2 37 1 20
0 498 3 1 9 1 4 2 37 1 10 1 13 1 5 1 5 3 18 1 22 3 9 2 4 1 10 1 6 1 3
0 510 1 1 16
0 547 2 2 10 4 2 1 5 1 13 1 1 1 8 4 12 1 22 1 11
0 551 6 1 27 4 26 1 45 1 9 2 12 1 3 1 30 2 5 7 22 1 36 3 40 1 2 1 7
0 561 1 2 14 1 2 1 1
0 583 29
0 599 9 3 10 1 9 2 8 1 21 1 17 2 15 1 1 1 1
0 611 6 1 10 1 23 1 6 1 14 1 15 2 6 1 32 1 15
0 613 10 1 5 2 20
0 649 1 3 5 1 11
0 656 9 1 12
0 659 23 1 15 2 5 1 6 3 8 1 3 2 6 2 1 1 13
0 673 26 3 4 3 9 1 2
0 704 13 2 22 1 11 1 14 1 12 2 1 1 12 3 7 1 16
0 749 29 1 11 1 6
0 752 14 1 17 2 12
0 756 2 1 7
0 760 20 2 14 2 1 2 13 3 10 1 6
