0 0 16 2 9 2 5
0 13 12 1 71 1 13
0 22 27 1 11 1 12 2 110 1 160 1 16 1 35 2 42 1 64 1 10 3 36
0 23 5 1 1 2 42
0 28 60 4 1 1 67
0 46 2 1 46 2 20 5 15 2 17 1 3 1 101 1 14 2 85 1 22 1 68 1 19 1 18 1 48 2 22 2 46 1 146
0 56 17 1 4 1 202 1 72
0 65 8 1 60
0 68 13
0 87 9 2 3 1 29 1 24
0 108 59 1 7 5 29 2 9
0 124 19 1 23 1 51 2 61 1 10 1 1
0 137 16 5 7 1 16
0 170 33 1 28 2 10
0 172 11 3 17 1 38 1 33
0 175 118 2 10 1 31 1 32
0 187 121 2 96
0 189 14 2 5 1 30 1 16 1 31
0 193 17 1 11 1 12
0 194 2 1 20 3 24 2 3 1 5 1 37
0 197 73 1 14 1 16 1 63
0 204 7 1 45 3 70
0 225 73 1 48 1 48 2 45
0 241 125 4 2
0 267 63 1 92
0 285 75 3 3 1 36 2 70
0 307 38 2 58
0 334 14 1 78 1 38 1 14 2 81 3 14 1 9
0 358 83 1 7 1 118 4 13 1 1 1 68 3 2 1 31
0 382 157 1 9
0 410 23 2 42
0 414 11
0 415 53 1 3 2 64
0 419 8 3 69
0 422 11 1 120 1 20 1 96
0 427 4 1 101
0 449 124 1 59 2 48 1 8 3 27
0 450 63 6 58 2 44
0 467 22 1 66
0 474 146 3 44 1 21
0 483 30 1 18 1 39
0 490 1 1 29 1 35
0 529 12 2 19 1 90 1 137 1 38 1 15
0 555 9
0 558 29 1 5
0 590 52 1 91 2 17
0 608 74 1 10 2 10 1 10
0 629 36 1 14 2 5 1 10 1 1 1 56 1 5
0 630 67 1 28 1 146 1 123
0 632 34
0 645 10
0 646 17 1 9 1 19 3 13
0 651 15
0 655 93 1 7 1 90
0 658 11
0 660 89
0 661 113
0 662 35 1 13 1 10 1 67 3 45 1 54
0 666 12 1 109
0 676 82 2 73 2 1 4 69 1 22
0 688 27 1 27 1 126
0 718 18 3 32
0 736 4 2 75 2 23
0 742 26 1 27 2 33 1 8 1 46 2 30 1 158
0 759 9 2 90 1 1
0 774 92 1 1 2 3 1 14 1 31 3 22 1 53
0 775 160 2 118 2 42
0 779 26 2 16 4 125 1 22 2 81 2 18
0 787 252 1 80
0 821 41 1 24 1 64
0 826 29
0 848 3 1 85 1 66
0 853 229 4 2 2 65
0 855 5 1 57 2 43 1 38 3 24 1 42 2 22
0 857 4 1 20
0 876 19 2 27 1 14
0 879 49 1 51 1 1 1 20 1 148 1 27 4 67
0 893 3 2 10
0 899 23 2 51
0 916 31 1 32 1 4
0 921 12 1 21 1 13 1 4
0 927 1 1 21 1 32 1 97 1 23 2 11 1 11 2 67 1 8 1 25 1 69
0 940 18 1 12 1 10 3 14 1 33 1 35
0 942 35 9 76 2 44 1 150 1 11 1 72 1 1 1 20
0 943 32 1 6 2 66
0 951 8 4 1 2 32 1 10
0 954 34
0 976 6 2 63 2 3 2 28
0 985 121 1 34 1 48
0 999 8 1 4 1 63
0 1029 13
0 1051 4 1 11 1 4 1 104 1 99
0 1063 12 1 37 2 11 1 85
0 1073 2 1 21
0 1075 7 2 56
0 1076 50 2 22 3 19 1 106 1 53 1 3 4 1
0 1077 35 2 21 1 30 1 70 1 9 1 8 1 10
0 1084 49 1 104 5 9
0 1088 25 1 2 2 80 1 12 1 130 3 45
0 1108 20 1 68
