0 0 59
0 2 76 1 9 2 22 2 44
0 21 16 1 68 1 3 1 7
0 28 77 1 16 3 18 1 22 4 30 1 1
0 30 49
0 37 44 3 43
0 47 43
0 52 36 1 12 1 7 1 63
0 58 5
0 74 5 1 4 1 93
0 84 16
0 92 36 4 41 4 76 1 15 2 9
0 114 16
0 128 116 1 5 1 3 1 83 6 20
0 146 83 2 4
0 161 36 1 14 1 9 2 137 2 105
0 169 21
0 173 2 1 66 4 26 1 21 2 28 2 16 2 8
0 179 5 2 21 2 80 1 35 1 21
0 181 1 1 67 1 6
0 183 102 1 5 3 14 1 45 2 35 3 150 1 1
0 219 47 1 16 1 112
0 227 11
0 258 46 4 2 2 36
0 288 88 1 42 1 67 1 62
0 294 3 1 8
0 321 27 2 5 1 22
0 341 113 2 4
0 342 173 2 36 2 57
0 346 152 1 61
0 356 34 3 91 1 78 1 2
0 366 18 5 47 1 5
0 396 10 2 28 2 1 1 14 1 16 1 26 3 32 1 21
0 397 174 3 70
0 417 35 1 56 2 112 1 16 1 15
0 430 28
0 443 18
0 444 78 1 30
0 463 60 1 37 1 83 1 22
0 468 19 1 15 2 76
0 477 30 1 4 1 3
0 486 6 2 46
0 506 106 3 3 2 35 1 25 1 1 2 18 1 59 1 3 1 6 2 5 1 54 1 20
0 515 30 2 15 1 13
0 526 22 4 25
0 529 85
0 556 5 1 8 2 7
0 574 58 1 42
0 584 45 1 8 1 57 1 12 1 54 1 30
0 602 16 1 21 3 12 1 60
0 617 1 1 24 4 87
0 622 55 2 13 1 45
0 666 15 1 28
0 678 25 1 66 1 42
0 687 80 2 13 1 26 2 128 2 17 3 163 1 5
0 709 6 1 15 1 73
0 759 56 1 7 1 86 1 4
0 771 22 2 195
0 788 20
0 799 95 1 7
0 810 17 1 7
0 829 28 2 10
0 883 36 1 85 2 110 1 11 1 107
0 919 1 2 64 1 67
0 944 95 1 42 1 41 1 9
0 953 23 1 62 1 46
0 954 71 1 34 2 1 2 12 3 2 1 12
0 957 14 1 37 1 17
0 962 7 4 14
0 966 27 1 5 1 23 2 43
0 975 119
0 993 41 1 21
0 994 23 2 11
0 1009 72
0 1024 14 1 56 1 65 2 12
0 1049 26 2 48 2 41 1 30 3 2 1 194 3 18
0 1055 20 5 7
0 1058 11 4 39 1 11 1 80 2 15 1 25
0 1083 52
0 1126 110 2 15 1 2
0 1159 3 2 3 2 52
0 1164 71 3 81
0 1206 24
0 1223 71 4 65 1 28 1 19 1 33 2 22 1 93 1 21
0 1239 45
0 1260 10 1 11 3 3 1 80 1 52
0 1263 7 1 28 1 48 1 79
0 1270 56 2 54 1 10
0 1278 82 1 16 1 124 3 16 1 16 1 4 1 45 3 106
0 1308 15 2 10
0 1317 22
0 1343 1 1 22 1 1 1 4
0 1345 79 1 17 1 9 2 12 1 35
0 1361 104 1 97 2 6 1 5 1 1 2 135 1 36 1 9 2 16
0 1367 81 1 6 2 28 1 104 1 28 2 22 2 31 2 7 1 17 1 2
0 1369 93 1 55 2 144 3 30 1 160
0 1376 51 1 152 3 1 1 16
0 1402 1 2 1
0 1405 35 1 6 1 21 1 71
0 1417 27 3 88 1 31 1 32 1 31
