0 0 30 8 34 1 69
0 9 199 1 173 1 87
0 59 58 3 1
0 62 98 1 236
0 102 209 2 15
0 108 29 1 95 1 23 2 168 2 106 1 1
0 125 12 1 32 1 84
0 148 51
0 158 12 2 1
0 170 53 4 29 1 5 1 9
0 216 15 1 24 5 8
0 253 29 1 55 2 25
0 294 18 1 17
0 297 7 1 28 3 36 2 35 1 54 1 4
0 301 19
0 309 22 2 76 1 20 1 33
0 318 22 1 6
0 319 9
0 324 35 1 53 2 33 4 90
0 332 61 1 18
0 333 2 1 27 1 69
0 342 32 1 124 1 1 2 33 1 70 1 36 1 50
0 358 25 1 75
0 384 4 3 3 3 11
0 395 70 1 2 2 126 1 31
0 426 44 2 14 2 42
0 442 23 1 39
0 452 53 3 24 1 49 1 46 1 22 1 13 3 8 1 18 1 23 5 20 2 19 1 98
0 498 31 3 21 1 157 1 36 2 25 2 31
0 501 34 1 18 1 41 2 29 2 102
0 502 11 2 9 1 12 1 15 2 22 1 132 2 4
0 523 68 2 44 1 71 1 66
0 525 85 1 11 1 2
0 536 9
0 552 79 3 6 1 41 1 6 1 112 2 64
0 557 29 3 22 2 36
0 558 47
0 567 23 1 2 1 70 2 4 2 81 1 18 1 26 1 54 1 32 2 24 1 11 1 18 1 4 4 34 1 35
0 591 11
0 598 14
0 618 58 1 21 2 77 3 38 1 1 2 270 1 39
0 666 4 1 52 1 103
0 674 59 4 6
0 679 2 1 55 1 4
0 683 30 1 36
0 684 64 1 78
0 695 39 1 13 1 39
0 717 85 1 2 1 25 1 23
0 730 26 1 127 2 5
0 745 31 1 34
0 797 36 1 98 1 26 1 3
0 803 12 1 115 1 9 2 128 2 71 3 22 1 41
0 804 22 2 32 1 28 2 42 2 5 1 188
0 808 53
0 809 57
0 842 115 1 12 2 9
0 859 59 3 34 2 7
0 863 5 4 19
0 898 209 2 52 2 4 1 29 1 6 1 5 3 14
0 916 30 1 6 1 43
0 918 26 1 17 1 11 1 41 2 28
0 940 13 1 9 1 4
0 953 38 3 5 1 7
0 960 8 3 28
0 961 33 1 46 2 66 1 6
0 998 7 1 6
0 1004 27
0 1017 58 2 8 1 13 4 69 4 87 1 13 1 79 2 32
0 1058 18 2 49
0 1086 3 3 10 1 71 2 21 1 32 1 4 2 8
0 1089 88 3 21 1 226
0 1100 41
0 1101 20 1 45 2 2
0 1114 86 1 11 1 22
0 1118 29
0 1157 64 2 7 1 81 2 6 1 156
0 1167 12 1 17
0 1170 29
0 1176 6 2 3
0 1179 3 1 22 4 43 3 36
0 1181 36
0 1184 2 1 5 1 63 1 20
0 1187 46 6 5 2 6
0 1190 30 2 79
0 1222 1 1 3 1 119 1 6
0 1255 34 2 10 1 36
0 1259 24
0 1261 2 1 11 1 118 3 1 1 30 2 17
0 1270 28 1 28
0 1280 16 1 67 3 44 1 70 1 79
0 1287 60 1 20 1 71 1 15
0 1292 30 1 56 2 30 1 14
0 1309 11 1 19 2 18
0 1320 14 1 137 2 27 1 10
0 1324 5 1 9 1 39
0 1334 1 1 62 1 34
0 1338 7 2 42 1 36 1 31
0 1343 20 3 5 2 8 4 19
0 1346 70 2 42 1 54 1 102 3 4 1 53 5 21
0 1355 92 1 35 2 60 1 8
