0 0 45
0 20 80 1 26
0 68 10 1 128 1 120 2 81 2 14
0 105 13 2 148
0 107 17 1 67 1 157
0 117 27 1 6 1 5
0 119 8 4 6 1 34
0 132 7 1 31 1 28
0 134 58 2 2 1 11 1 11 1 14 1 53
0 143 30
0 149 66 2 83 1 23 1 33
0 161 85 3 14
0 165 32
0 176 21 2 81 4 9 1 10 1 49 1 56 2 77 1 82 1 29
0 177 28 1 13 2 85 1 6 1 42 2 68
0 179 10
0 181 72
0 191 28
0 266 67 1 40
0 272 18 3 61 1 57 1 51 2 23 1 32 1 26 2 112 1 85
0 289 63 2 59 2 1
0 327 30 1 48 2 83 1 35 1 60
0 346 50 1 7 3 145 2 26 1 108 3 17
0 356 1 1 18
0 357 11 3 18
0 374 95
0 400 19 3 77
0 408 19 1 19
0 409 127
0 412 8 3 82
0 432 27 1 78 1 55
0 456 29
0 457 21 2 32 2 3 1 3 1 123
0 466 15 1 11 2 30
0 469 168 3 52 1 12
0 486 38 1 77
0 495 17
0 503 31 1 33 1 20
0 532 14 3 18 1 51
0 546 93 2 74 1 15 1 24
0 554 10 2 1
0 557 57 1 6
0 566 160
0 571 18 3 55 2 26 2 1 2 8 2 1 1 36 2 43
0 579 34 1 19
0 580 137 1 40 1 40 3 26
0 596 1 3 66
0 636 32
0 645 17 1 10
0 647 52 2 92 3 39 2 17
0 649 12 2 24 1 30
0 688 8 1 113 1 27 1 4 3 149 1 10 1 12 1 76 2 93
0 689 46 1 2 1 2 1 43 1 12
0 697 56 1 65 1 19 1 8 2 122 3 159
0 717 30 1 60 2 25 3 19
0 725 17 1 25
0 726 4 1 24
0 727 80
0 733 10 1 36 1 27 3 21
0 740 9 1 31 3 14
0 768 166 6 88
0 769 30 1 39 1 45
0 774 28 1 76 1 38 1 102 2 38 1 51 2 29 1 38 1 41 1 31 1 54
0 778 3 1 19
0 792 32 1 8 1 44
0 797 116 1 56 1 27 3 14 4 89
0 801 138 1 16
0 806 107 1 208 1 92 3 29 1 92 3 31 2 51 1 35 3 100 1 33 1 7
0 837 148 1 13 1 32
0 845 2 1 1
0 852 19 2 30 1 38
0 859 28 2 10 1 6 1 18 1 27
0 869 93 1 69 1 29 1 20 2 2 1 8
0 881 54
0 884 64 3 7 1 18 1 156 1 23 1 39 1 1 2 13
0 895 174
0 896 40 2 67
0 911 115 1 133 1 57 2 2
0 912 11 1 42
0 915 91
0 919 49
0 924 10 1 4 3 64
0 928 9 1 105 1 76
0 931 28 2 66 3 82
0 942 45 1 36 1 24
0 947 89
0 954 31
0 958 92 2 48 4 100 4 9 1 24 1 13 2 37 2 107 2 34
0 960 31 1 67 1 42 1 35 1 40 1 2 1 44 1 3 1 16 1 29 2 11 1 2 1 20 1 25
0 978 32 1 75
0 993 23
0 996 5 2 102 2 66 3 84 4 78 1 123 1 182
0 1011 24 2 2 1 25 2 24 4 153 3 4
0 1023 68 1 21 3 41 1 10 3 65 1 55
0 1027 62 1 3
0 1040 21 1 68 2 64
0 1055 89 1 83 2 142
0 1075 25 1 11
0 1077 94 1 27 1 18 1 97 1 2 1 7 5 19 2 42 1 89 3 35 1 13 2 105 2 35 4 26 1 30
0 1088 51
