0 0 25
0 12 52
0 20 151 2 13 1 39 1 17
0 27 70 2 44
0 32 1 1 11
0 54 32 2 33
0 58 17 2 99 2 46
0 59 50 1 116 2 45
0 73 14 1 25 2 34 2 27 1 4 1 4
0 78 30 1 25
0 101 2 4 66
0 123 145 2 57
0 155 115 1 44
0 193 120 2 7 2 9
0 206 5 2 101 2 62
0 218 5 1 131 1 45 1 28 2 45 1 89
0 225 157 1 16
0 265 61 1 87
0 268 32 2 1
0 272 29 1 16
0 288 15 1 50 2 11 1 12 1 100
0 294 5 1 85
0 310 31 1 16 1 4 1 23 1 63
0 328 2 1 43
0 329 33 1 15 1 9 1 42
0 376 22 2 82 4 30 3 38 3 4
0 392 6 1 7 3 66
0 403 31 3 1 1 37 4 70
0 418 116
0 427 37 2 76
0 432 43 1 133 5 56 1 38
0 436 352
0 451 6 1 16 1 62
0 457 64 1 6 1 126 1 4 1 33
0 474 71 1 17
0 485 7 1 67 2 55
0 489 37 1 11
0 511 15 1 71 1 48 1 40 3 2 1 12 1 9
0 538 41 3 34 1 35
0 544 162
0 545 207 1 39 1 77 1 34 2 39 1 19
0 577 14 1 37
0 589 14
0 596 27 4 61 3 41
0 601 19 2 51
0 602 13 1 3 1 16 1 50 1 64 1 38 1 18
0 603 8 1 33 1 14 1 7 1 45
0 639 19 1 85
0 642 103 1 69 3 22
0 650 75
0 655 66 1 142 1 70
0 662 26 2 1 1 53 1 38 2 4 3 67
0 684 64 1 28 1 6 1 2 2 119
0 705 3 1 67
0 741 34
0 757 32 1 57 1 74
0 760 165 2 4 1 11
0 781 61 1 6 1 33
0 788 38 3 24
0 791 9 1 16 1 104
0 793 110 1 6
0 802 98 1 51 2 18
0 821 18 1 19
0 842 24 1 26 1 27
0 847 14 1 75 4 39 1 118 1 23 4 147
0 878 85 1 6
0 894 78 1 30
0 906 31 3 16
0 920 3 1 7 2 4 1 114
0 971 3
0 973 13
0 996 35 1 56 3 13
0 1009 116 1 2
0 1027 11
0 1036 1 1 59 3 26 1 6 2 95
0 1046 50 1 120 1 89 1 11 1 35 1 56 3 21 3 44 1 10
0 1069 76 1 28 1 56 1 109
0 1079 8 1 1
0 1096 5
0 1101 35 1 74 3 6 1 43 1 12 3 1
0 1112 26 1 13 1 66
0 1121 67 2 47
0 1124 15
0 1145 89 1 70 1 25 1 71 1 14 1 44 2 22 1 24
0 1150 81 1 26 1 63 2 17
0 1204 26 4 40
0 1212 26 1 8
0 1224 29 5 67 1 112
0 1233 46 1 66 1 98 2 3 3 43 1 5
0 1235 81 1 42 2 52 2 46 1 2 1 36 1 15 1 4 3 69 1 53 3 20 2 9 1 9 2 12 2 23 1 70
0 1259 32 1 50 1 15 1 2 1 82
0 1268 28 1 25 1 85
0 1278 5 1 133 2 131 1 2 2 7 1 12 2 32
0 1287 1 1 89 1 12 5 10 1 51 2 54 1 14
0 1302 10 1 48 1 58 1 6 1 44
0 1314 64 4 86
0 1315 1 1 53 1 30 4 71 1 14 2 24 2 23 2 41
0 1319 87 2 2
0 1320 7 1 3
0 1326 6 2 84 1 237 1 15 1 29 2 16
