0 0 8 3 12 30 36
0 0 4 44 26
0 0 17 23 7 8 2
0 0 18
0 0 22 11 6
0 0 17 5 2
0 0 5
0 0 15 10 106
0 0 74 54 27 3 19
0 0 25 6 9 9 3 8 40 5 8
0 0 11
0 0 14 13 1
0 0 7 1 8
0 0 5
0 2086 6 13 15 27 49 7 3 18 4
0 2204 25 1 17
0 2416 10
0 2463 39 89 15a
0 2570 13 2 8 27 22 3 1
0 2674 47 2 6 42 31
0 3030 5
0 3102 9 6 13 6 59
0 3199 6
0 3233 16
0 3264 34
0 3570 2
0 4110 39
0 4289 18
0 4363 30 4 52
0 4597 5 59 17
0 4607 8
0 4645 7 3 4
0 4894 7 4 15
0 4907 35 16 26
0 5058 15 22 2
0 5158 1
0 5216 38 5 5
0 5243 3 6 34 11 2
0 5271 13
0 5347 34 1 13 3 1 9 53
0 5428 19 19 2
0 5780 2
0 5937 1 1 4
0 6331 10 1 8
0 6335 7 16 13 3 40
0 6834 1
0 6965 5 13 28
0 7216 13 6 1 4 9 1 16 7 36 17 8 24 9 1 34
0 7398 11 35 8
0 7477 4 18 18
